1.000000	0.023658
2.000000	-0.043432
3.000000	-0.084657
4.000000	-0.122970
5.000000	-0.112553
6.000000	-0.124382
7.000000	-0.127207
8.000000	-0.124382
9.000000	-0.124382
10.000000	-0.119174
11.000000	-0.113965
12.000000	-0.113965
13.000000	-0.113965
14.000000	-0.113965
15.000000	-0.113965
16.000000	-0.113965
17.000000	-0.113965
18.000000	-0.113965
19.000000	-0.113965
20.000000	-0.113965
21.000000	-0.113965
22.000000	-0.113965
23.000000	-0.113965
24.000000	-0.113965
25.000000	-0.113965
26.000000	-0.113965
27.000000	-0.113965
28.000000	-0.113965
29.000000	-0.113965
30.000000	-0.113965
31.000000	-0.113965
32.000000	-0.113965
33.000000	-0.113965
34.000000	-0.113965
35.000000	-0.113965
36.000000	-0.113965
37.000000	-0.113965
38.000000	-0.113965
39.000000	-0.113965
40.000000	-0.113965
41.000000	-0.113965
42.000000	-0.113965
43.000000	-0.113965
44.000000	-0.113965
45.000000	-0.113965
46.000000	-0.113965
47.000000	-0.113965
48.000000	-0.113965
49.000000	-0.113965
50.000000	-0.113965
51.000000	-0.113965
52.000000	-0.113965
53.000000	-0.113965
54.000000	-0.113965
55.000000	-0.113965
56.000000	-0.113965
57.000000	-0.113965
58.000000	-0.113965
59.000000	-0.113965
60.000000	-0.113965
61.000000	-0.113965
62.000000	-0.113965
63.000000	-0.113965
64.000000	-0.113965
65.000000	-0.113965
66.000000	-0.113965
67.000000	-0.113965
68.000000	-0.113965
69.000000	-0.113965
70.000000	-0.113965
71.000000	-0.113965
72.000000	-0.113965
73.000000	-0.113965
74.000000	-0.113965
75.000000	-0.113965
76.000000	-0.113965
77.000000	-0.113965
78.000000	-0.113965
79.000000	-0.113965
80.000000	-0.113965
81.000000	-0.113965
82.000000	-0.113965
83.000000	-0.113965
84.000000	-0.113965
85.000000	-0.113965
86.000000	-0.113965
87.000000	-0.113965
88.000000	-0.113965
89.000000	-0.113965
90.000000	-0.113965
91.000000	-0.113965
92.000000	-0.113965
93.000000	-0.113965
94.000000	-0.113965
95.000000	-0.113965
96.000000	-0.113965
97.000000	-0.113965
98.000000	-0.113965
99.000000	-0.113965
100.000000	-0.113965
101.000000	-0.113965
102.000000	-0.113965
103.000000	-0.113965
104.000000	-0.113965
105.000000	-0.113965
106.000000	-0.113965
107.000000	-0.113965
108.000000	-0.113965
109.000000	-0.113965
110.000000	-0.113965
111.000000	-0.113965
112.000000	-0.113965
113.000000	-0.113965
114.000000	-0.113965
115.000000	-0.113965
116.000000	-0.113965
117.000000	-0.113965
118.000000	-0.113965
119.000000	-0.113965
120.000000	-0.113965
121.000000	-0.113965
122.000000	-0.113965
123.000000	-0.113965
124.000000	-0.113965
125.000000	-0.113965
126.000000	-0.113965
127.000000	-0.113965
128.000000	-0.113965
129.000000	-0.113965
130.000000	-0.113965
131.000000	-0.113965
132.000000	-0.113965
133.000000	-0.113965
134.000000	-0.113965
135.000000	-0.113965
136.000000	-0.113965
137.000000	-0.113965
138.000000	-0.113965
139.000000	-0.113965
140.000000	-0.113965
141.000000	-0.113965
142.000000	-0.113965
143.000000	-0.113965
144.000000	-0.113965
145.000000	-0.113965
146.000000	-0.113965
147.000000	-0.113965
148.000000	-0.113965
149.000000	-0.113965
150.000000	-0.113965
151.000000	-0.113965
152.000000	-0.113965
153.000000	-0.113965
154.000000	-0.113965
155.000000	-0.113965
156.000000	-0.113965
157.000000	-0.113965
158.000000	-0.113965
159.000000	-0.113965
160.000000	-0.113965
161.000000	-0.113965
162.000000	-0.113965
163.000000	-0.113965
164.000000	-0.113965
165.000000	-0.113965
166.000000	-0.113965
167.000000	-0.113965
168.000000	-0.113965
169.000000	-0.113965
170.000000	-0.113965
171.000000	-0.113965
172.000000	-0.113965
173.000000	-0.113965
174.000000	-0.113965
175.000000	-0.113965
176.000000	-0.113965
177.000000	-0.113965
178.000000	-0.113965
179.000000	-0.113965
180.000000	-0.113965
181.000000	-0.113965
182.000000	-0.113965
183.000000	-0.113965
184.000000	-0.113965
185.000000	-0.113965
186.000000	-0.113965
187.000000	-0.113965
188.000000	-0.113965
189.000000	-0.113965
190.000000	-0.113965
191.000000	-0.113965
192.000000	-0.113965
193.000000	-0.113965
194.000000	-0.113965
195.000000	-0.113965
196.000000	-0.113965
197.000000	-0.113965
198.000000	-0.113965
199.000000	-0.113965
200.000000	-0.113965
201.000000	-0.113965
202.000000	-0.113965
203.000000	-0.113965
204.000000	-0.113965
205.000000	-0.113965
206.000000	-0.113965
207.000000	-0.113965
208.000000	-0.113965
209.000000	-0.113965
210.000000	-0.113965
211.000000	-0.113965
212.000000	-0.113965
213.000000	-0.113965
214.000000	-0.113965
215.000000	-0.113965
216.000000	-0.113965
217.000000	-0.113965
218.000000	-0.113965
219.000000	-0.113965
220.000000	-0.113965
221.000000	-0.113965
222.000000	-0.113965
223.000000	-0.113965
224.000000	-0.113965
225.000000	-0.113965
226.000000	-0.113965
227.000000	-0.113965
228.000000	-0.113965
229.000000	-0.113965
230.000000	-0.113965
231.000000	-0.113965
232.000000	-0.113965
233.000000	-0.113965
234.000000	-0.113965
235.000000	-0.113965
236.000000	-0.113965
237.000000	-0.113965
238.000000	-0.113965
239.000000	-0.113965
240.000000	-0.113965
241.000000	-0.113965
242.000000	-0.113965
243.000000	-0.113965
244.000000	-0.113965
245.000000	-0.113965
246.000000	-0.113965
247.000000	-0.113965
248.000000	-0.113965
249.000000	-0.113965
250.000000	-0.113965
251.000000	-0.113965
252.000000	-0.113965
253.000000	-0.113965
254.000000	-0.113965
255.000000	-0.113965
256.000000	-0.113965
257.000000	-0.113965
258.000000	-0.113965
259.000000	-0.113965
260.000000	-0.113965
261.000000	-0.113965
262.000000	-0.113965
263.000000	-0.113965
264.000000	-0.113965
265.000000	-0.113965
266.000000	-0.113965
267.000000	-0.113965
268.000000	-0.113965
269.000000	-0.113965
270.000000	-0.113965
271.000000	-0.113965
272.000000	-0.113965
273.000000	-0.113965
274.000000	-0.113965
275.000000	-0.113965
276.000000	-0.113965
277.000000	-0.113965
278.000000	-0.113965
279.000000	-0.113965
280.000000	-0.113965
281.000000	-0.113965
282.000000	-0.113965
283.000000	-0.113965
284.000000	-0.113965
285.000000	-0.113965
286.000000	-0.113965
287.000000	-0.113965
288.000000	-0.113965
289.000000	-0.113965
290.000000	-0.113965
291.000000	-0.113965
292.000000	-0.113965
293.000000	-0.113965
294.000000	-0.113965
295.000000	-0.113965
296.000000	-0.113965
297.000000	-0.113965
298.000000	-0.113965
299.000000	-0.113965
300.000000	-0.113965
301.000000	-0.113965
302.000000	-0.113965
303.000000	-0.113965
304.000000	-0.113965
305.000000	-0.113965
306.000000	-0.113965
307.000000	-0.113965
308.000000	-0.113965
309.000000	-0.113965
310.000000	-0.113965
311.000000	-0.113965
312.000000	-0.113965
313.000000	-0.113965
314.000000	-0.113965
315.000000	-0.113965
316.000000	-0.113965
317.000000	-0.113965
318.000000	-0.113965
319.000000	-0.113965
320.000000	-0.113965
321.000000	-0.113965
322.000000	-0.113965
323.000000	-0.113965
324.000000	-0.113965
325.000000	-0.113965
326.000000	-0.113965
327.000000	-0.113965
328.000000	-0.113965
329.000000	-0.113965
330.000000	-0.113965
331.000000	-0.113965
332.000000	-0.113965
333.000000	-0.113965
334.000000	-0.113965
335.000000	-0.113965
336.000000	-0.113965
337.000000	-0.113965
338.000000	-0.113965
339.000000	-0.113965
340.000000	-0.113965
341.000000	-0.113965
342.000000	-0.113965
343.000000	-0.113965
344.000000	-0.113965
345.000000	-0.113965
346.000000	-0.113965
347.000000	-0.113965
348.000000	-0.113965
349.000000	-0.113965
350.000000	-0.113965
351.000000	-0.113965
352.000000	-0.113965
353.000000	-0.113965
354.000000	-0.113965
355.000000	-0.113965
356.000000	-0.113965
357.000000	-0.113965
358.000000	-0.113965
359.000000	-0.113965
360.000000	-0.113965
361.000000	-0.113965
362.000000	-0.113965
363.000000	-0.113965
364.000000	-0.113965
365.000000	-0.113965
366.000000	-0.113965
367.000000	-0.113965
368.000000	-0.113965
369.000000	-0.113965
370.000000	-0.113965
371.000000	-0.113965
372.000000	-0.113965
373.000000	-0.113965
374.000000	-0.113965
375.000000	-0.113965
376.000000	-0.113965
377.000000	-0.113965
378.000000	-0.113965
379.000000	-0.113965
380.000000	-0.113965
381.000000	-0.113965
382.000000	-0.113965
383.000000	-0.113965
384.000000	-0.113965
385.000000	-0.113965
386.000000	-0.113965
387.000000	-0.113965
388.000000	-0.113965
389.000000	-0.113965
390.000000	-0.113965
391.000000	-0.113965
392.000000	-0.113965
393.000000	-0.113965
394.000000	-0.113965
395.000000	-0.113965
396.000000	-0.113965
397.000000	-0.113965
398.000000	-0.113965
399.000000	-0.113965
400.000000	-0.113965
401.000000	-0.113965
402.000000	-0.113965
403.000000	-0.113965
404.000000	-0.113965
405.000000	-0.113965
406.000000	-0.113965
407.000000	-0.113965
408.000000	-0.113965
409.000000	-0.113965
410.000000	-0.113965
411.000000	-0.113965
412.000000	-0.113965
413.000000	-0.113965
414.000000	-0.113965
415.000000	-0.113965
416.000000	-0.113965
417.000000	-0.113965
418.000000	-0.113965
419.000000	-0.113965
420.000000	-0.113965
421.000000	-0.113965
422.000000	-0.113965
423.000000	-0.113965
424.000000	-0.113965
425.000000	-0.113965
426.000000	-0.113965
427.000000	-0.113965
428.000000	-0.113965
429.000000	-0.113965
430.000000	-0.113965
431.000000	-0.113965
432.000000	-0.113965
433.000000	-0.113965
434.000000	-0.113965
435.000000	-0.113965
436.000000	-0.113965
437.000000	-0.113965
438.000000	-0.113965
439.000000	-0.113965
440.000000	-0.113965
441.000000	-0.113965
442.000000	-0.113965
443.000000	-0.113965
444.000000	-0.113965
445.000000	-0.113965
446.000000	-0.113965
447.000000	-0.113965
448.000000	-0.113965
449.000000	-0.113965
450.000000	-0.113965
451.000000	-0.113965
452.000000	-0.113965
453.000000	-0.113965
454.000000	-0.113965
455.000000	-0.113965
456.000000	-0.113965
457.000000	-0.113965
458.000000	-0.113965
459.000000	-0.113965
460.000000	-0.113965
461.000000	-0.113965
462.000000	-0.113965
463.000000	-0.113965
464.000000	-0.113965
465.000000	-0.113965
466.000000	-0.113965
467.000000	-0.113965
468.000000	-0.113965
469.000000	-0.113965
470.000000	-0.113965
471.000000	-0.113965
472.000000	-0.113965
473.000000	-0.113965
474.000000	-0.113965
475.000000	-0.113965
476.000000	-0.113965
477.000000	-0.113965
478.000000	-0.113965
479.000000	-0.113965
480.000000	-0.113965
481.000000	-0.113965
482.000000	-0.113965
483.000000	-0.113965
484.000000	-0.113965
485.000000	-0.113965
486.000000	-0.113965
487.000000	-0.113965
488.000000	-0.113965
489.000000	-0.113965
490.000000	-0.113965
491.000000	-0.113965
492.000000	-0.113965
493.000000	-0.113965
494.000000	-0.113965
495.000000	-0.113965
496.000000	-0.113965
497.000000	-0.113965
498.000000	-0.113965
499.000000	-0.113965
500.000000	-0.113965
501.000000	-0.113965
	
	
	
	
	
	
	
	
	
	
	
	
	
	
	
	
	
	
	
	
	
	
	
	
	
	
	
	
	
	
	
	
	
	
	
	
	
	
	
	
	
	
	
	
	
	
	
	
	
	
	
	
	
	
	
	
	
	
	
	
	
	
	
	
	
	
	
	
	
	
	
	
	
	
	
	
	
	
	
	
	
	
	
	
	
	
	
	
	
	
	
	
	
	
	
	
	
	
	
	
	
	
	
	
	
	
	
	
	
	
	
	
	
	
	
	
	
	
	
	
	
	
	
	
	
	
	
	
	
	
	
	
	
	
	
	
	
	
	
	
	
	
	
	
	
	
	
	
	
	
	
	
	
	
	
	
	
	
	
	
	
	
	
	
	
	
	
	
	
	
	
	
	
	
	
	
	
	
	
	
	
	
	
	
	
	
	
	
	
	
	
	
	
	
	
	
	
	
	
	
	
	
	
	
	
	
	
	
	
	
	
	
	
	
	
	
	
	
	
	
	
	
	
	
	
	
	
	
	
	
	
	
	
	
	
	
	
	
	
	
	
	
	
	
	
	
	
	
	
	
	
	
	
	
	
	
	
	
	
	
	
	
	
	
	
	
	
	
	
	
	
	
	
	
	
	
	
	
	
	
	
	
	
	
	
	
	
	
	
	
	
	
	
	
	
	
	
	
	
	
	
	
	
	
	
	
	
	
	
	
	
	
	
	
	
	
	
	
	
	
	
	
	
	
	
	
	
	
	
	
	
	
	
	
	
	
	
	
	
	
	
	
	
	
	
	
	
	
	
	
	
	
	
	
	
	
	
	
	
	
	
	
	
	
	
	
	
	
	
	
	
	
	
	
	
	
	
	
	
	
	
	
	
	
	
	
	
	
	
	
	
	
	
	
	
	
	
	
	
	
	
	
	
	
	
	
	
	
	
	
	
	
	
	
	
	
	
	
	
	
	
	
	
	
	
	
	
	
	
	
	
	
	
	
	
	
	
	
	
	
	
	
	
	
	
	
	
	
	
	
	
	
	
	
	
	
	
	
	
	
	
	
	
	
	
	
	
	
	
	
	
	
	
	
	
	
	
	
	
	
	
	
	
	
	
	
	
	
	
	
	
	
	
	
	
	
	
	
	
