1.000000	0.001203
2.000000	-0.239742
3.000000	-0.297429
4.000000	-0.338399
5.000000	-0.341945
6.000000	-0.340172
7.000000	-0.343718
8.000000	-0.340172
9.000000	-0.340172
10.000000	-0.337196
11.000000	-0.338969
12.000000	-0.338969
13.000000	-0.338969
14.000000	-0.338969
15.000000	-0.338969
16.000000	-0.338969
17.000000	-0.338969
18.000000	-0.338969
19.000000	-0.338969
20.000000	-0.338969
21.000000	-0.338969
22.000000	-0.338969
23.000000	-0.338969
24.000000	-0.338969
25.000000	-0.338969
26.000000	-0.338969
27.000000	-0.338969
28.000000	-0.338969
29.000000	-0.338969
30.000000	-0.338969
31.000000	-0.338969
32.000000	-0.338969
33.000000	-0.338969
34.000000	-0.338969
35.000000	-0.338969
36.000000	-0.338969
37.000000	-0.338969
38.000000	-0.338969
39.000000	-0.338969
40.000000	-0.338969
41.000000	-0.338969
42.000000	-0.338969
43.000000	-0.338969
44.000000	-0.338969
45.000000	-0.338969
46.000000	-0.338969
47.000000	-0.338969
48.000000	-0.338969
49.000000	-0.338969
50.000000	-0.338969
51.000000	-0.338969
52.000000	-0.338969
53.000000	-0.338969
54.000000	-0.338969
55.000000	-0.338969
56.000000	-0.338969
57.000000	-0.338969
58.000000	-0.338969
59.000000	-0.338969
60.000000	-0.338969
61.000000	-0.338969
62.000000	-0.338969
63.000000	-0.338969
64.000000	-0.338969
65.000000	-0.338969
66.000000	-0.338969
67.000000	-0.338969
68.000000	-0.338969
69.000000	-0.338969
70.000000	-0.338969
71.000000	-0.338969
72.000000	-0.338969
73.000000	-0.338969
74.000000	-0.338969
75.000000	-0.338969
76.000000	-0.338969
77.000000	-0.338969
78.000000	-0.338969
79.000000	-0.338969
80.000000	-0.338969
81.000000	-0.338969
82.000000	-0.338969
83.000000	-0.338969
84.000000	-0.338969
85.000000	-0.338969
86.000000	-0.338969
87.000000	-0.338969
88.000000	-0.338969
89.000000	-0.338969
90.000000	-0.338969
91.000000	-0.338969
92.000000	-0.338969
93.000000	-0.338969
94.000000	-0.338969
95.000000	-0.338969
96.000000	-0.338969
97.000000	-0.338969
98.000000	-0.338969
99.000000	-0.338969
100.000000	-0.338969
101.000000	-0.338969
102.000000	-0.338969
103.000000	-0.338969
104.000000	-0.338969
105.000000	-0.338969
106.000000	-0.338969
107.000000	-0.338969
108.000000	-0.338969
109.000000	-0.338969
110.000000	-0.338969
111.000000	-0.338969
112.000000	-0.338969
113.000000	-0.338969
114.000000	-0.338969
115.000000	-0.338969
116.000000	-0.338969
117.000000	-0.338969
118.000000	-0.338969
119.000000	-0.338969
120.000000	-0.338969
121.000000	-0.338969
122.000000	-0.338969
123.000000	-0.338969
124.000000	-0.338969
125.000000	-0.338969
126.000000	-0.338969
127.000000	-0.338969
128.000000	-0.338969
129.000000	-0.338969
130.000000	-0.338969
131.000000	-0.338969
132.000000	-0.338969
133.000000	-0.338969
134.000000	-0.338969
135.000000	-0.338969
136.000000	-0.338969
137.000000	-0.338969
138.000000	-0.338969
139.000000	-0.338969
140.000000	-0.338969
141.000000	-0.338969
142.000000	-0.338969
143.000000	-0.338969
144.000000	-0.338969
145.000000	-0.338969
146.000000	-0.338969
147.000000	-0.338969
148.000000	-0.338969
149.000000	-0.338969
150.000000	-0.338969
151.000000	-0.338969
152.000000	-0.338969
153.000000	-0.338969
154.000000	-0.338969
155.000000	-0.338969
156.000000	-0.338969
157.000000	-0.338969
158.000000	-0.338969
159.000000	-0.338969
160.000000	-0.338969
161.000000	-0.338969
162.000000	-0.338969
163.000000	-0.338969
164.000000	-0.338969
165.000000	-0.338969
166.000000	-0.338969
167.000000	-0.338969
168.000000	-0.338969
169.000000	-0.338969
170.000000	-0.338969
171.000000	-0.338969
172.000000	-0.338969
173.000000	-0.338969
174.000000	-0.338969
175.000000	-0.338969
176.000000	-0.338969
177.000000	-0.338969
178.000000	-0.338969
179.000000	-0.338969
180.000000	-0.338969
181.000000	-0.338969
182.000000	-0.338969
183.000000	-0.338969
184.000000	-0.338969
185.000000	-0.338969
186.000000	-0.338969
187.000000	-0.338969
188.000000	-0.338969
189.000000	-0.338969
190.000000	-0.338969
191.000000	-0.338969
192.000000	-0.338969
193.000000	-0.338969
194.000000	-0.338969
195.000000	-0.338969
196.000000	-0.338969
197.000000	-0.338969
198.000000	-0.338969
199.000000	-0.338969
200.000000	-0.338969
201.000000	-0.338969
202.000000	-0.338969
203.000000	-0.338969
204.000000	-0.338969
205.000000	-0.338969
206.000000	-0.338969
207.000000	-0.338969
208.000000	-0.338969
209.000000	-0.338969
210.000000	-0.338969
211.000000	-0.338969
212.000000	-0.338969
213.000000	-0.338969
214.000000	-0.338969
215.000000	-0.338969
216.000000	-0.338969
217.000000	-0.338969
218.000000	-0.338969
219.000000	-0.338969
220.000000	-0.338969
221.000000	-0.338969
222.000000	-0.338969
223.000000	-0.338969
224.000000	-0.338969
225.000000	-0.338969
226.000000	-0.338969
227.000000	-0.338969
228.000000	-0.338969
229.000000	-0.338969
230.000000	-0.338969
231.000000	-0.338969
232.000000	-0.338969
233.000000	-0.338969
234.000000	-0.338969
235.000000	-0.338969
236.000000	-0.338969
237.000000	-0.338969
238.000000	-0.338969
239.000000	-0.338969
240.000000	-0.338969
241.000000	-0.338969
242.000000	-0.338969
243.000000	-0.338969
244.000000	-0.338969
245.000000	-0.338969
246.000000	-0.338969
247.000000	-0.338969
248.000000	-0.338969
249.000000	-0.338969
250.000000	-0.338969
251.000000	-0.338969
252.000000	-0.338969
253.000000	-0.338969
254.000000	-0.338969
255.000000	-0.338969
256.000000	-0.338969
257.000000	-0.338969
258.000000	-0.338969
259.000000	-0.338969
260.000000	-0.338969
261.000000	-0.338969
262.000000	-0.338969
263.000000	-0.338969
264.000000	-0.338969
265.000000	-0.338969
266.000000	-0.338969
267.000000	-0.338969
268.000000	-0.338969
269.000000	-0.338969
270.000000	-0.338969
271.000000	-0.338969
272.000000	-0.338969
273.000000	-0.338969
274.000000	-0.338969
275.000000	-0.338969
276.000000	-0.338969
277.000000	-0.338969
278.000000	-0.338969
279.000000	-0.338969
280.000000	-0.338969
281.000000	-0.338969
282.000000	-0.338969
283.000000	-0.338969
284.000000	-0.338969
285.000000	-0.338969
286.000000	-0.338969
287.000000	-0.338969
288.000000	-0.338969
289.000000	-0.338969
290.000000	-0.338969
291.000000	-0.338969
292.000000	-0.338969
293.000000	-0.338969
294.000000	-0.338969
295.000000	-0.338969
296.000000	-0.338969
297.000000	-0.338969
298.000000	-0.338969
299.000000	-0.338969
300.000000	-0.338969
301.000000	-0.338969
302.000000	-0.338969
303.000000	-0.338969
304.000000	-0.338969
305.000000	-0.338969
306.000000	-0.338969
307.000000	-0.338969
308.000000	-0.338969
309.000000	-0.338969
310.000000	-0.338969
311.000000	-0.338969
312.000000	-0.338969
313.000000	-0.338969
314.000000	-0.338969
315.000000	-0.338969
316.000000	-0.338969
317.000000	-0.338969
318.000000	-0.338969
319.000000	-0.338969
320.000000	-0.338969
321.000000	-0.338969
322.000000	-0.338969
323.000000	-0.338969
324.000000	-0.338969
325.000000	-0.338969
326.000000	-0.338969
327.000000	-0.338969
328.000000	-0.338969
329.000000	-0.338969
330.000000	-0.338969
331.000000	-0.338969
332.000000	-0.338969
333.000000	-0.338969
334.000000	-0.338969
335.000000	-0.338969
336.000000	-0.338969
337.000000	-0.338969
338.000000	-0.338969
339.000000	-0.338969
340.000000	-0.338969
341.000000	-0.338969
342.000000	-0.338969
343.000000	-0.338969
344.000000	-0.338969
345.000000	-0.338969
346.000000	-0.338969
347.000000	-0.338969
348.000000	-0.338969
349.000000	-0.338969
350.000000	-0.338969
351.000000	-0.338969
352.000000	-0.338969
353.000000	-0.338969
354.000000	-0.338969
355.000000	-0.338969
356.000000	-0.338969
357.000000	-0.338969
358.000000	-0.338969
359.000000	-0.338969
360.000000	-0.338969
361.000000	-0.338969
362.000000	-0.338969
363.000000	-0.338969
364.000000	-0.338969
365.000000	-0.338969
366.000000	-0.338969
367.000000	-0.338969
368.000000	-0.338969
369.000000	-0.338969
370.000000	-0.338969
371.000000	-0.338969
372.000000	-0.338969
373.000000	-0.338969
374.000000	-0.338969
375.000000	-0.338969
376.000000	-0.338969
377.000000	-0.338969
378.000000	-0.338969
379.000000	-0.338969
380.000000	-0.338969
381.000000	-0.338969
382.000000	-0.338969
383.000000	-0.338969
384.000000	-0.338969
385.000000	-0.338969
386.000000	-0.338969
387.000000	-0.338969
388.000000	-0.338969
389.000000	-0.338969
390.000000	-0.338969
391.000000	-0.338969
392.000000	-0.338969
393.000000	-0.338969
394.000000	-0.338969
395.000000	-0.338969
396.000000	-0.338969
397.000000	-0.338969
398.000000	-0.338969
399.000000	-0.338969
400.000000	-0.338969
401.000000	-0.338969
402.000000	-0.338969
403.000000	-0.338969
404.000000	-0.338969
405.000000	-0.338969
406.000000	-0.338969
407.000000	-0.338969
408.000000	-0.338969
409.000000	-0.338969
410.000000	-0.338969
411.000000	-0.338969
412.000000	-0.338969
413.000000	-0.338969
414.000000	-0.338969
415.000000	-0.338969
416.000000	-0.338969
417.000000	-0.338969
418.000000	-0.338969
419.000000	-0.338969
420.000000	-0.338969
421.000000	-0.338969
422.000000	-0.338969
423.000000	-0.338969
424.000000	-0.338969
425.000000	-0.338969
426.000000	-0.338969
427.000000	-0.338969
428.000000	-0.338969
429.000000	-0.338969
430.000000	-0.338969
431.000000	-0.338969
432.000000	-0.338969
433.000000	-0.338969
434.000000	-0.338969
435.000000	-0.338969
436.000000	-0.338969
437.000000	-0.338969
438.000000	-0.338969
439.000000	-0.338969
440.000000	-0.338969
441.000000	-0.338969
442.000000	-0.338969
443.000000	-0.338969
444.000000	-0.338969
445.000000	-0.338969
446.000000	-0.338969
447.000000	-0.338969
448.000000	-0.338969
449.000000	-0.338969
450.000000	-0.338969
451.000000	-0.338969
452.000000	-0.338969
453.000000	-0.338969
454.000000	-0.338969
455.000000	-0.338969
456.000000	-0.338969
457.000000	-0.338969
458.000000	-0.338969
459.000000	-0.338969
460.000000	-0.338969
461.000000	-0.338969
462.000000	-0.338969
463.000000	-0.338969
464.000000	-0.338969
465.000000	-0.338969
466.000000	-0.338969
467.000000	-0.338969
468.000000	-0.338969
469.000000	-0.338969
470.000000	-0.338969
471.000000	-0.338969
472.000000	-0.338969
473.000000	-0.338969
474.000000	-0.338969
475.000000	-0.338969
476.000000	-0.338969
477.000000	-0.338969
478.000000	-0.338969
479.000000	-0.338969
480.000000	-0.338969
481.000000	-0.338969
482.000000	-0.338969
483.000000	-0.338969
484.000000	-0.338969
485.000000	-0.338969
486.000000	-0.338969
487.000000	-0.338969
488.000000	-0.338969
489.000000	-0.338969
490.000000	-0.338969
491.000000	-0.338969
492.000000	-0.338969
493.000000	-0.338969
494.000000	-0.338969
495.000000	-0.338969
496.000000	-0.338969
497.000000	-0.338969
498.000000	-0.338969
499.000000	-0.338969
500.000000	-0.338969
501.000000	-0.338969
	
	
	
	
	
	
	
	
	
	
	
	
	
	
	
	
	
	
	
	
	
	
	
	
	
	
	
	
	
	
	
	
	
	
	
	
	
	
	
	
	
	
	
	
	
	
	
	
	
	
	
	
	
	
	
	
	
	
	
	
	
	
	
	
	
	
	
	
	
	
	
	
	
	
	
	
	
	
	
	
	
	
	
	
	
	
	
	
	
	
	
	
	
	
	
	
	
	
	
	
	
	
	
	
	
	
	
	
	
	
	
	
	
	
	
	
	
	
	
	
	
	
	
	
	
	
	
	
	
	
	
	
	
	
	
	
	
	
	
	
	
	
	
	
	
	
	
	
	
	
	
	
	
	
	
	
	
	
	
	
	
	
	
	
	
	
	
	
	
	
	
	
	
	
	
	
	
	
	
	
	
	
	
	
	
	
	
	
	
	
	
	
	
	
	
	
	
	
	
	
	
	
	
	
	
	
	
	
	
	
	
	
	
	
	
	
	
	
	
	
	
	
	
	
	
	
	
	
	
	
	
	
	
	
	
	
	
	
	
	
	
	
	
	
	
	
	
	
	
	
	
	
	
	
	
	
	
	
	
	
	
	
	
	
	
	
	
	
	
	
	
	
	
	
	
	
	
	
	
	
	
	
	
	
	
	
	
	
	
	
	
	
	
	
	
	
	
	
	
	
	
	
	
	
	
	
	
	
	
	
	
	
	
	
	
	
	
	
	
	
	
	
	
	
	
	
	
	
	
	
	
	
	
	
	
	
	
	
	
	
	
	
	
	
	
	
	
	
	
	
	
	
	
	
	
	
	
	
	
	
	
	
	
	
	
	
	
	
	
	
	
	
	
	
	
	
	
	
	
	
	
	
	
	
	
	
	
	
	
	
	
	
	
	
	
	
	
	
	
	
	
	
	
	
	
	
	
	
	
	
	
	
	
	
	
	
	
	
	
	
	
	
	
	
	
	
	
	
	
	
	
	
	
	
	
	
	
	
	
	
	
	
	
	
	
	
	
	
	
	
	
	
	
	
	
	
	
	
	
	
	
	
	
	
	
	
	
	
	
	
	
	
	
	
	
	
	
	
	
	
	
	
	
	
	
	
	
	
	
	
	
	
	
	
	
	
	
	
	
