1.000000	-0.042139
2.000000	-0.588589
3.000000	-0.782744
4.000000	-0.842834
5.000000	-0.882750
6.000000	-0.889475
7.000000	-0.889366
8.000000	-0.893922
9.000000	-0.893922
10.000000	-0.896091
11.000000	-0.898260
12.000000	-0.898260
13.000000	-0.898260
14.000000	-0.898260
15.000000	-0.898260
16.000000	-0.898260
17.000000	-0.898260
18.000000	-0.898260
19.000000	-0.898260
20.000000	-0.898260
21.000000	-0.898260
22.000000	-0.898260
23.000000	-0.898260
24.000000	-0.898260
25.000000	-0.898260
26.000000	-0.898260
27.000000	-0.898260
28.000000	-0.898260
29.000000	-0.898260
30.000000	-0.898260
31.000000	-0.898260
32.000000	-0.898260
33.000000	-0.898260
34.000000	-0.898260
35.000000	-0.898260
36.000000	-0.898260
37.000000	-0.898260
38.000000	-0.898260
39.000000	-0.898260
40.000000	-0.898260
41.000000	-0.898260
42.000000	-0.898260
43.000000	-0.898260
44.000000	-0.898260
45.000000	-0.898260
46.000000	-0.898260
47.000000	-0.898260
48.000000	-0.898260
49.000000	-0.898260
50.000000	-0.898260
51.000000	-0.898260
52.000000	-0.898260
53.000000	-0.898260
54.000000	-0.898260
55.000000	-0.898260
56.000000	-0.898260
57.000000	-0.898260
58.000000	-0.898260
59.000000	-0.898260
60.000000	-0.898260
61.000000	-0.898260
62.000000	-0.898260
63.000000	-0.898260
64.000000	-0.898260
65.000000	-0.898260
66.000000	-0.898260
67.000000	-0.898260
68.000000	-0.898260
69.000000	-0.898260
70.000000	-0.898260
71.000000	-0.898260
72.000000	-0.898260
73.000000	-0.898260
74.000000	-0.898260
75.000000	-0.898260
76.000000	-0.898260
77.000000	-0.898260
78.000000	-0.898260
79.000000	-0.898260
80.000000	-0.898260
81.000000	-0.898260
82.000000	-0.898260
83.000000	-0.898260
84.000000	-0.898260
85.000000	-0.898260
86.000000	-0.898260
87.000000	-0.898260
88.000000	-0.898260
89.000000	-0.898260
90.000000	-0.898260
91.000000	-0.898260
92.000000	-0.898260
93.000000	-0.898260
94.000000	-0.898260
95.000000	-0.898260
96.000000	-0.898260
97.000000	-0.898260
98.000000	-0.898260
99.000000	-0.898260
100.000000	-0.898260
101.000000	-0.898260
102.000000	-0.898260
103.000000	-0.898260
104.000000	-0.898260
105.000000	-0.898260
106.000000	-0.898260
107.000000	-0.898260
108.000000	-0.898260
109.000000	-0.898260
110.000000	-0.898260
111.000000	-0.898260
112.000000	-0.898260
113.000000	-0.898260
114.000000	-0.898260
115.000000	-0.898260
116.000000	-0.898260
117.000000	-0.898260
118.000000	-0.898260
119.000000	-0.898260
120.000000	-0.898260
121.000000	-0.898260
122.000000	-0.898260
123.000000	-0.898260
124.000000	-0.898260
125.000000	-0.898260
126.000000	-0.898260
127.000000	-0.898260
128.000000	-0.898260
129.000000	-0.898260
130.000000	-0.898260
131.000000	-0.898260
132.000000	-0.898260
133.000000	-0.898260
134.000000	-0.898260
135.000000	-0.898260
136.000000	-0.898260
137.000000	-0.898260
138.000000	-0.898260
139.000000	-0.898260
140.000000	-0.898260
141.000000	-0.898260
142.000000	-0.898260
143.000000	-0.898260
144.000000	-0.898260
145.000000	-0.898260
146.000000	-0.898260
147.000000	-0.898260
148.000000	-0.898260
149.000000	-0.898260
150.000000	-0.898260
151.000000	-0.898260
152.000000	-0.898260
153.000000	-0.898260
154.000000	-0.898260
155.000000	-0.898260
156.000000	-0.898260
157.000000	-0.898260
158.000000	-0.898260
159.000000	-0.898260
160.000000	-0.898260
161.000000	-0.898260
162.000000	-0.898260
163.000000	-0.898260
164.000000	-0.898260
165.000000	-0.898260
166.000000	-0.898260
167.000000	-0.898260
168.000000	-0.898260
169.000000	-0.898260
170.000000	-0.898260
171.000000	-0.898260
172.000000	-0.898260
173.000000	-0.898260
174.000000	-0.898260
175.000000	-0.898260
176.000000	-0.898260
177.000000	-0.898260
178.000000	-0.898260
179.000000	-0.898260
180.000000	-0.898260
181.000000	-0.898260
182.000000	-0.898260
183.000000	-0.898260
184.000000	-0.898260
185.000000	-0.898260
186.000000	-0.898260
187.000000	-0.898260
188.000000	-0.898260
189.000000	-0.898260
190.000000	-0.898260
191.000000	-0.898260
192.000000	-0.898260
193.000000	-0.898260
194.000000	-0.898260
195.000000	-0.898260
196.000000	-0.898260
197.000000	-0.898260
198.000000	-0.898260
199.000000	-0.898260
200.000000	-0.898260
201.000000	-0.898260
202.000000	-0.898260
203.000000	-0.898260
204.000000	-0.898260
205.000000	-0.898260
206.000000	-0.898260
207.000000	-0.898260
208.000000	-0.898260
209.000000	-0.898260
210.000000	-0.898260
211.000000	-0.898260
212.000000	-0.898260
213.000000	-0.898260
214.000000	-0.898260
215.000000	-0.898260
216.000000	-0.898260
217.000000	-0.898260
218.000000	-0.898260
219.000000	-0.898260
220.000000	-0.898260
221.000000	-0.898260
222.000000	-0.898260
223.000000	-0.898260
224.000000	-0.898260
225.000000	-0.898260
226.000000	-0.898260
227.000000	-0.898260
228.000000	-0.898260
229.000000	-0.898260
230.000000	-0.898260
231.000000	-0.898260
232.000000	-0.898260
233.000000	-0.898260
234.000000	-0.898260
235.000000	-0.898260
236.000000	-0.898260
237.000000	-0.898260
238.000000	-0.898260
239.000000	-0.898260
240.000000	-0.898260
241.000000	-0.898260
242.000000	-0.898260
243.000000	-0.898260
244.000000	-0.898260
245.000000	-0.898260
246.000000	-0.898260
247.000000	-0.898260
248.000000	-0.898260
249.000000	-0.898260
250.000000	-0.898260
251.000000	-0.898260
252.000000	-0.898260
253.000000	-0.898260
254.000000	-0.898260
255.000000	-0.898260
256.000000	-0.898260
257.000000	-0.898260
258.000000	-0.898260
259.000000	-0.898260
260.000000	-0.898260
261.000000	-0.898260
262.000000	-0.898260
263.000000	-0.898260
264.000000	-0.898260
265.000000	-0.898260
266.000000	-0.898260
267.000000	-0.898260
268.000000	-0.898260
269.000000	-0.898260
270.000000	-0.898260
271.000000	-0.898260
272.000000	-0.898260
273.000000	-0.898260
274.000000	-0.898260
275.000000	-0.898260
276.000000	-0.898260
277.000000	-0.898260
278.000000	-0.898260
279.000000	-0.898260
280.000000	-0.898260
281.000000	-0.898260
282.000000	-0.898260
283.000000	-0.898260
284.000000	-0.898260
285.000000	-0.898260
286.000000	-0.898260
287.000000	-0.898260
288.000000	-0.898260
289.000000	-0.898260
290.000000	-0.898260
291.000000	-0.898260
292.000000	-0.898260
293.000000	-0.898260
294.000000	-0.898260
295.000000	-0.898260
296.000000	-0.898260
297.000000	-0.898260
298.000000	-0.898260
299.000000	-0.898260
300.000000	-0.898260
301.000000	-0.898260
302.000000	-0.898260
303.000000	-0.898260
304.000000	-0.898260
305.000000	-0.898260
306.000000	-0.898260
307.000000	-0.898260
308.000000	-0.898260
309.000000	-0.898260
310.000000	-0.898260
311.000000	-0.898260
312.000000	-0.898260
313.000000	-0.898260
314.000000	-0.898260
315.000000	-0.898260
316.000000	-0.898260
317.000000	-0.898260
318.000000	-0.898260
319.000000	-0.898260
320.000000	-0.898260
321.000000	-0.898260
322.000000	-0.898260
323.000000	-0.898260
324.000000	-0.898260
325.000000	-0.898260
326.000000	-0.898260
327.000000	-0.898260
328.000000	-0.898260
329.000000	-0.898260
330.000000	-0.898260
331.000000	-0.898260
332.000000	-0.898260
333.000000	-0.898260
334.000000	-0.898260
335.000000	-0.898260
336.000000	-0.898260
337.000000	-0.898260
338.000000	-0.898260
339.000000	-0.898260
340.000000	-0.898260
341.000000	-0.898260
342.000000	-0.898260
343.000000	-0.898260
344.000000	-0.898260
345.000000	-0.898260
346.000000	-0.898260
347.000000	-0.898260
348.000000	-0.898260
349.000000	-0.898260
350.000000	-0.898260
351.000000	-0.898260
352.000000	-0.898260
353.000000	-0.898260
354.000000	-0.898260
355.000000	-0.898260
356.000000	-0.898260
357.000000	-0.898260
358.000000	-0.898260
359.000000	-0.898260
360.000000	-0.898260
361.000000	-0.898260
362.000000	-0.898260
363.000000	-0.898260
364.000000	-0.898260
365.000000	-0.898260
366.000000	-0.898260
367.000000	-0.898260
368.000000	-0.898260
369.000000	-0.898260
370.000000	-0.898260
371.000000	-0.898260
372.000000	-0.898260
373.000000	-0.898260
374.000000	-0.898260
375.000000	-0.898260
376.000000	-0.898260
377.000000	-0.898260
378.000000	-0.898260
379.000000	-0.898260
380.000000	-0.898260
381.000000	-0.898260
382.000000	-0.898260
383.000000	-0.898260
384.000000	-0.898260
385.000000	-0.898260
386.000000	-0.898260
387.000000	-0.898260
388.000000	-0.898260
389.000000	-0.898260
390.000000	-0.898260
391.000000	-0.898260
392.000000	-0.898260
393.000000	-0.898260
394.000000	-0.898260
395.000000	-0.898260
396.000000	-0.898260
397.000000	-0.898260
398.000000	-0.898260
399.000000	-0.898260
400.000000	-0.898260
401.000000	-0.898260
402.000000	-0.898260
403.000000	-0.898260
404.000000	-0.898260
405.000000	-0.898260
406.000000	-0.898260
407.000000	-0.898260
408.000000	-0.898260
409.000000	-0.898260
410.000000	-0.898260
411.000000	-0.898260
412.000000	-0.898260
413.000000	-0.898260
414.000000	-0.898260
415.000000	-0.898260
416.000000	-0.898260
417.000000	-0.898260
418.000000	-0.898260
419.000000	-0.898260
420.000000	-0.898260
421.000000	-0.898260
422.000000	-0.898260
423.000000	-0.898260
424.000000	-0.898260
425.000000	-0.898260
426.000000	-0.898260
427.000000	-0.898260
428.000000	-0.898260
429.000000	-0.898260
430.000000	-0.898260
431.000000	-0.898260
432.000000	-0.898260
433.000000	-0.898260
434.000000	-0.898260
435.000000	-0.898260
436.000000	-0.898260
437.000000	-0.898260
438.000000	-0.898260
439.000000	-0.898260
440.000000	-0.898260
441.000000	-0.898260
442.000000	-0.898260
443.000000	-0.898260
444.000000	-0.898260
445.000000	-0.898260
446.000000	-0.898260
447.000000	-0.898260
448.000000	-0.898260
449.000000	-0.898260
450.000000	-0.898260
451.000000	-0.898260
452.000000	-0.898260
453.000000	-0.898260
454.000000	-0.898260
455.000000	-0.898260
456.000000	-0.898260
457.000000	-0.898260
458.000000	-0.898260
459.000000	-0.898260
460.000000	-0.898260
461.000000	-0.898260
462.000000	-0.898260
463.000000	-0.898260
464.000000	-0.898260
465.000000	-0.898260
466.000000	-0.898260
467.000000	-0.898260
468.000000	-0.898260
469.000000	-0.898260
470.000000	-0.898260
471.000000	-0.898260
472.000000	-0.898260
473.000000	-0.898260
474.000000	-0.898260
475.000000	-0.898260
476.000000	-0.898260
477.000000	-0.898260
478.000000	-0.898260
479.000000	-0.898260
480.000000	-0.898260
481.000000	-0.898260
482.000000	-0.898260
483.000000	-0.898260
484.000000	-0.898260
485.000000	-0.898260
486.000000	-0.898260
487.000000	-0.898260
488.000000	-0.898260
489.000000	-0.898260
490.000000	-0.898260
491.000000	-0.898260
492.000000	-0.898260
493.000000	-0.898260
494.000000	-0.898260
495.000000	-0.898260
496.000000	-0.898260
497.000000	-0.898260
498.000000	-0.898260
499.000000	-0.898260
500.000000	-0.898260
501.000000	-0.898260
	
	
	
	
	
	
	
	
	
	
	
	
	
	
	
	
	
	
	
	
	
	
	
	
	
	
	
	
	
	
	
	
	
	
	
	
	
	
	
	
	
	
	
	
	
	
	
	
	
	
	
	
	
	
	
	
	
	
	
	
	
	
	
	
	
	
	
	
	
	
	
	
	
	
	
	
	
	
	
	
	
	
	
	
	
	
	
	
	
	
	
	
	
	
	
	
	
	
	
	
	
	
	
	
	
	
	
	
	
	
	
	
	
	
	
	
	
	
	
	
	
	
	
	
	
	
	
	
	
	
	
	
	
	
	
	
	
	
	
	
	
	
	
	
	
	
	
	
	
	
	
	
	
	
	
	
	
	
	
	
	
	
	
	
	
	
	
	
	
	
	
	
	
	
	
	
	
	
	
	
	
	
	
	
	
	
	
	
	
	
	
	
	
	
	
	
	
	
	
	
	
	
	
	
	
	
	
	
	
	
	
	
	
	
	
	
	
	
	
	
	
	
	
	
	
	
	
	
	
	
	
	
	
	
	
	
	
	
	
	
	
	
	
	
	
	
	
	
	
	
	
	
	
	
	
	
	
	
	
	
	
	
	
	
	
	
	
	
	
	
	
	
	
	
	
	
	
	
	
	
	
	
	
	
	
	
	
	
	
	
	
	
	
	
	
	
	
	
	
	
	
	
	
	
	
	
	
	
	
	
	
	
	
	
	
	
	
	
	
	
	
	
	
	
	
	
	
	
	
	
	
	
	
	
	
	
	
	
	
	
	
	
	
	
	
	
	
	
	
	
	
	
	
	
	
	
	
	
	
	
	
	
	
	
	
	
	
	
	
	
	
	
	
	
	
	
	
	
	
	
	
	
	
	
	
	
	
	
	
	
	
	
	
	
	
	
	
	
	
	
	
	
	
	
	
	
	
	
	
	
	
	
	
	
	
	
	
	
	
	
	
	
	
	
	
	
	
	
	
	
	
	
	
	
	
	
	
	
	
	
	
	
	
	
	
	
	
	
	
	
	
	
	
	
	
	
	
	
	
	
	
	
	
	
	
	
	
	
	
	
	
	
	
	
	
	
	
	
	
	
	
	
	
	
	
	
	
	
	
	
	
	
	
	
	
	
	
	
	
