1.000000	-0.025965
2.000000	-0.377848
3.000000	-0.494086
4.000000	-0.541769
5.000000	-0.547131
6.000000	-0.553607
7.000000	-0.554390
8.000000	-0.558185
9.000000	-0.558185
10.000000	-0.556288
11.000000	-0.554390
12.000000	-0.554390
13.000000	-0.554390
14.000000	-0.554390
15.000000	-0.554390
16.000000	-0.554390
17.000000	-0.554390
18.000000	-0.554390
19.000000	-0.554390
20.000000	-0.554390
21.000000	-0.554390
22.000000	-0.554390
23.000000	-0.554390
24.000000	-0.554390
25.000000	-0.554390
26.000000	-0.554390
27.000000	-0.554390
28.000000	-0.554390
29.000000	-0.554390
30.000000	-0.554390
31.000000	-0.554390
32.000000	-0.554390
33.000000	-0.554390
34.000000	-0.554390
35.000000	-0.554390
36.000000	-0.554390
37.000000	-0.554390
38.000000	-0.554390
39.000000	-0.554390
40.000000	-0.554390
41.000000	-0.554390
42.000000	-0.554390
43.000000	-0.554390
44.000000	-0.554390
45.000000	-0.554390
46.000000	-0.554390
47.000000	-0.554390
48.000000	-0.554390
49.000000	-0.554390
50.000000	-0.554390
51.000000	-0.554390
52.000000	-0.554390
53.000000	-0.554390
54.000000	-0.554390
55.000000	-0.554390
56.000000	-0.554390
57.000000	-0.554390
58.000000	-0.554390
59.000000	-0.554390
60.000000	-0.554390
61.000000	-0.554390
62.000000	-0.554390
63.000000	-0.554390
64.000000	-0.554390
65.000000	-0.554390
66.000000	-0.554390
67.000000	-0.554390
68.000000	-0.554390
69.000000	-0.554390
70.000000	-0.554390
71.000000	-0.554390
72.000000	-0.554390
73.000000	-0.554390
74.000000	-0.554390
75.000000	-0.554390
76.000000	-0.554390
77.000000	-0.554390
78.000000	-0.554390
79.000000	-0.554390
80.000000	-0.554390
81.000000	-0.554390
82.000000	-0.554390
83.000000	-0.554390
84.000000	-0.554390
85.000000	-0.554390
86.000000	-0.554390
87.000000	-0.554390
88.000000	-0.554390
89.000000	-0.554390
90.000000	-0.554390
91.000000	-0.554390
92.000000	-0.554390
93.000000	-0.554390
94.000000	-0.554390
95.000000	-0.554390
96.000000	-0.554390
97.000000	-0.554390
98.000000	-0.554390
99.000000	-0.554390
100.000000	-0.554390
101.000000	-0.554390
102.000000	-0.554390
103.000000	-0.554390
104.000000	-0.554390
105.000000	-0.554390
106.000000	-0.554390
107.000000	-0.554390
108.000000	-0.554390
109.000000	-0.554390
110.000000	-0.554390
111.000000	-0.554390
112.000000	-0.554390
113.000000	-0.554390
114.000000	-0.554390
115.000000	-0.554390
116.000000	-0.554390
117.000000	-0.554390
118.000000	-0.554390
119.000000	-0.554390
120.000000	-0.554390
121.000000	-0.554390
122.000000	-0.554390
123.000000	-0.554390
124.000000	-0.554390
125.000000	-0.554390
126.000000	-0.554390
127.000000	-0.554390
128.000000	-0.554390
129.000000	-0.554390
130.000000	-0.554390
131.000000	-0.554390
132.000000	-0.554390
133.000000	-0.554390
134.000000	-0.554390
135.000000	-0.554390
136.000000	-0.554390
137.000000	-0.554390
138.000000	-0.554390
139.000000	-0.554390
140.000000	-0.554390
141.000000	-0.554390
142.000000	-0.554390
143.000000	-0.554390
144.000000	-0.554390
145.000000	-0.554390
146.000000	-0.554390
147.000000	-0.554390
148.000000	-0.554390
149.000000	-0.554390
150.000000	-0.554390
151.000000	-0.554390
152.000000	-0.554390
153.000000	-0.554390
154.000000	-0.554390
155.000000	-0.554390
156.000000	-0.554390
157.000000	-0.554390
158.000000	-0.554390
159.000000	-0.554390
160.000000	-0.554390
161.000000	-0.554390
162.000000	-0.554390
163.000000	-0.554390
164.000000	-0.554390
165.000000	-0.554390
166.000000	-0.554390
167.000000	-0.554390
168.000000	-0.554390
169.000000	-0.554390
170.000000	-0.554390
171.000000	-0.554390
172.000000	-0.554390
173.000000	-0.554390
174.000000	-0.554390
175.000000	-0.554390
176.000000	-0.554390
177.000000	-0.554390
178.000000	-0.554390
179.000000	-0.554390
180.000000	-0.554390
181.000000	-0.554390
182.000000	-0.554390
183.000000	-0.554390
184.000000	-0.554390
185.000000	-0.554390
186.000000	-0.554390
187.000000	-0.554390
188.000000	-0.554390
189.000000	-0.554390
190.000000	-0.554390
191.000000	-0.554390
192.000000	-0.554390
193.000000	-0.554390
194.000000	-0.554390
195.000000	-0.554390
196.000000	-0.554390
197.000000	-0.554390
198.000000	-0.554390
199.000000	-0.554390
200.000000	-0.554390
201.000000	-0.554390
202.000000	-0.554390
203.000000	-0.554390
204.000000	-0.554390
205.000000	-0.554390
206.000000	-0.554390
207.000000	-0.554390
208.000000	-0.554390
209.000000	-0.554390
210.000000	-0.554390
211.000000	-0.554390
212.000000	-0.554390
213.000000	-0.554390
214.000000	-0.554390
215.000000	-0.554390
216.000000	-0.554390
217.000000	-0.554390
218.000000	-0.554390
219.000000	-0.554390
220.000000	-0.554390
221.000000	-0.554390
222.000000	-0.554390
223.000000	-0.554390
224.000000	-0.554390
225.000000	-0.554390
226.000000	-0.554390
227.000000	-0.554390
228.000000	-0.554390
229.000000	-0.554390
230.000000	-0.554390
231.000000	-0.554390
232.000000	-0.554390
233.000000	-0.554390
234.000000	-0.554390
235.000000	-0.554390
236.000000	-0.554390
237.000000	-0.554390
238.000000	-0.554390
239.000000	-0.554390
240.000000	-0.554390
241.000000	-0.554390
242.000000	-0.554390
243.000000	-0.554390
244.000000	-0.554390
245.000000	-0.554390
246.000000	-0.554390
247.000000	-0.554390
248.000000	-0.554390
249.000000	-0.554390
250.000000	-0.554390
251.000000	-0.554390
252.000000	-0.554390
253.000000	-0.554390
254.000000	-0.554390
255.000000	-0.554390
256.000000	-0.554390
257.000000	-0.554390
258.000000	-0.554390
259.000000	-0.554390
260.000000	-0.554390
261.000000	-0.554390
262.000000	-0.554390
263.000000	-0.554390
264.000000	-0.554390
265.000000	-0.554390
266.000000	-0.554390
267.000000	-0.554390
268.000000	-0.554390
269.000000	-0.554390
270.000000	-0.554390
271.000000	-0.554390
272.000000	-0.554390
273.000000	-0.554390
274.000000	-0.554390
275.000000	-0.554390
276.000000	-0.554390
277.000000	-0.554390
278.000000	-0.554390
279.000000	-0.554390
280.000000	-0.554390
281.000000	-0.554390
282.000000	-0.554390
283.000000	-0.554390
284.000000	-0.554390
285.000000	-0.554390
286.000000	-0.554390
287.000000	-0.554390
288.000000	-0.554390
289.000000	-0.554390
290.000000	-0.554390
291.000000	-0.554390
292.000000	-0.554390
293.000000	-0.554390
294.000000	-0.554390
295.000000	-0.554390
296.000000	-0.554390
297.000000	-0.554390
298.000000	-0.554390
299.000000	-0.554390
300.000000	-0.554390
301.000000	-0.554390
302.000000	-0.554390
303.000000	-0.554390
304.000000	-0.554390
305.000000	-0.554390
306.000000	-0.554390
307.000000	-0.554390
308.000000	-0.554390
309.000000	-0.554390
310.000000	-0.554390
311.000000	-0.554390
312.000000	-0.554390
313.000000	-0.554390
314.000000	-0.554390
315.000000	-0.554390
316.000000	-0.554390
317.000000	-0.554390
318.000000	-0.554390
319.000000	-0.554390
320.000000	-0.554390
321.000000	-0.554390
322.000000	-0.554390
323.000000	-0.554390
324.000000	-0.554390
325.000000	-0.554390
326.000000	-0.554390
327.000000	-0.554390
328.000000	-0.554390
329.000000	-0.554390
330.000000	-0.554390
331.000000	-0.554390
332.000000	-0.554390
333.000000	-0.554390
334.000000	-0.554390
335.000000	-0.554390
336.000000	-0.554390
337.000000	-0.554390
338.000000	-0.554390
339.000000	-0.554390
340.000000	-0.554390
341.000000	-0.554390
342.000000	-0.554390
343.000000	-0.554390
344.000000	-0.554390
345.000000	-0.554390
346.000000	-0.554390
347.000000	-0.554390
348.000000	-0.554390
349.000000	-0.554390
350.000000	-0.554390
351.000000	-0.554390
352.000000	-0.554390
353.000000	-0.554390
354.000000	-0.554390
355.000000	-0.554390
356.000000	-0.554390
357.000000	-0.554390
358.000000	-0.554390
359.000000	-0.554390
360.000000	-0.554390
361.000000	-0.554390
362.000000	-0.554390
363.000000	-0.554390
364.000000	-0.554390
365.000000	-0.554390
366.000000	-0.554390
367.000000	-0.554390
368.000000	-0.554390
369.000000	-0.554390
370.000000	-0.554390
371.000000	-0.554390
372.000000	-0.554390
373.000000	-0.554390
374.000000	-0.554390
375.000000	-0.554390
376.000000	-0.554390
377.000000	-0.554390
378.000000	-0.554390
379.000000	-0.554390
380.000000	-0.554390
381.000000	-0.554390
382.000000	-0.554390
383.000000	-0.554390
384.000000	-0.554390
385.000000	-0.554390
386.000000	-0.554390
387.000000	-0.554390
388.000000	-0.554390
389.000000	-0.554390
390.000000	-0.554390
391.000000	-0.554390
392.000000	-0.554390
393.000000	-0.554390
394.000000	-0.554390
395.000000	-0.554390
396.000000	-0.554390
397.000000	-0.554390
398.000000	-0.554390
399.000000	-0.554390
400.000000	-0.554390
401.000000	-0.554390
402.000000	-0.554390
403.000000	-0.554390
404.000000	-0.554390
405.000000	-0.554390
406.000000	-0.554390
407.000000	-0.554390
408.000000	-0.554390
409.000000	-0.554390
410.000000	-0.554390
411.000000	-0.554390
412.000000	-0.554390
413.000000	-0.554390
414.000000	-0.554390
415.000000	-0.554390
416.000000	-0.554390
417.000000	-0.554390
418.000000	-0.554390
419.000000	-0.554390
420.000000	-0.554390
421.000000	-0.554390
422.000000	-0.554390
423.000000	-0.554390
424.000000	-0.554390
425.000000	-0.554390
426.000000	-0.554390
427.000000	-0.554390
428.000000	-0.554390
429.000000	-0.554390
430.000000	-0.554390
431.000000	-0.554390
432.000000	-0.554390
433.000000	-0.554390
434.000000	-0.554390
435.000000	-0.554390
436.000000	-0.554390
437.000000	-0.554390
438.000000	-0.554390
439.000000	-0.554390
440.000000	-0.554390
441.000000	-0.554390
442.000000	-0.554390
443.000000	-0.554390
444.000000	-0.554390
445.000000	-0.554390
446.000000	-0.554390
447.000000	-0.554390
448.000000	-0.554390
449.000000	-0.554390
450.000000	-0.554390
451.000000	-0.554390
452.000000	-0.554390
453.000000	-0.554390
454.000000	-0.554390
455.000000	-0.554390
456.000000	-0.554390
457.000000	-0.554390
458.000000	-0.554390
459.000000	-0.554390
460.000000	-0.554390
461.000000	-0.554390
462.000000	-0.554390
463.000000	-0.554390
464.000000	-0.554390
465.000000	-0.554390
466.000000	-0.554390
467.000000	-0.554390
468.000000	-0.554390
469.000000	-0.554390
470.000000	-0.554390
471.000000	-0.554390
472.000000	-0.554390
473.000000	-0.554390
474.000000	-0.554390
475.000000	-0.554390
476.000000	-0.554390
477.000000	-0.554390
478.000000	-0.554390
479.000000	-0.554390
480.000000	-0.554390
481.000000	-0.554390
482.000000	-0.554390
483.000000	-0.554390
484.000000	-0.554390
485.000000	-0.554390
486.000000	-0.554390
487.000000	-0.554390
488.000000	-0.554390
489.000000	-0.554390
490.000000	-0.554390
491.000000	-0.554390
492.000000	-0.554390
493.000000	-0.554390
494.000000	-0.554390
495.000000	-0.554390
496.000000	-0.554390
497.000000	-0.554390
498.000000	-0.554390
499.000000	-0.554390
500.000000	-0.554390
501.000000	-0.554390
	
	
	
	
	
	
	
	
	
	
	
	
	
	
	
	
	
	
	
	
	
	
	
	
	
	
	
	
	
	
	
	
	
	
	
	
	
	
	
	
	
	
	
	
	
	
	
	
	
	
	
	
	
	
	
	
	
	
	
	
	
	
	
	
	
	
	
	
	
	
	
	
	
	
	
	
	
	
	
	
	
	
	
	
	
	
	
	
	
	
	
	
	
	
	
	
	
	
	
	
	
	
	
	
	
	
	
	
	
	
	
	
	
	
	
	
	
	
	
	
	
	
	
	
	
	
	
	
	
	
	
	
	
	
	
	
	
	
	
	
	
	
	
	
	
	
	
	
	
	
	
	
	
	
	
	
	
	
	
	
	
	
	
	
	
	
	
	
	
	
	
	
	
	
	
	
	
	
	
	
	
	
	
	
	
	
	
	
	
	
	
	
	
	
	
	
	
	
	
	
	
	
	
	
	
	
	
	
	
	
	
	
	
	
	
	
	
	
	
	
	
	
	
	
	
	
	
	
	
	
	
	
	
	
	
	
	
	
	
	
	
	
	
	
	
	
	
	
	
	
	
	
	
	
	
	
	
	
	
	
	
	
	
	
	
	
	
	
	
	
	
	
	
	
	
	
	
	
	
	
	
	
	
	
	
	
	
	
	
	
	
	
	
	
	
	
	
	
	
	
	
	
	
	
	
	
	
	
	
	
	
	
	
	
	
	
	
	
	
	
	
	
	
	
	
	
	
	
	
	
	
	
	
	
	
	
	
	
	
	
	
	
	
	
	
	
	
	
	
	
	
	
	
	
	
	
	
	
	
	
	
	
	
	
	
	
	
	
	
	
	
	
	
	
	
	
	
	
	
	
	
	
	
	
	
	
	
	
	
	
	
	
	
	
	
	
	
	
	
	
	
	
	
	
	
	
	
	
	
	
	
	
	
	
	
	
	
	
	
	
	
	
	
	
	
	
	
	
	
	
	
	
	
	
	
	
	
	
	
	
	
	
	
	
	
	
	
	
	
	
	
	
	
	
	
	
	
	
	
	
	
	
	
	
	
	
	
	
	
	
	
	
	
	
	
	
	
	
	
	
	
	
	
	
	
	
	
	
	
	
	
	
	
	
	
	
	
	
	
