1.000000	-0.010668
2.000000	-0.085352
3.000000	-0.138159
4.000000	-0.164844
5.000000	-0.154166
6.000000	-0.157133
7.000000	-0.160685
8.000000	-0.161877
9.000000	-0.161877
10.000000	-0.163653
11.000000	-0.160685
12.000000	-0.160685
13.000000	-0.160685
14.000000	-0.160685
15.000000	-0.160685
16.000000	-0.160685
17.000000	-0.160685
18.000000	-0.160685
19.000000	-0.160685
20.000000	-0.160685
21.000000	-0.160685
22.000000	-0.160685
23.000000	-0.160685
24.000000	-0.160685
25.000000	-0.160685
26.000000	-0.160685
27.000000	-0.160685
28.000000	-0.160685
29.000000	-0.160685
30.000000	-0.160685
31.000000	-0.160685
32.000000	-0.160685
33.000000	-0.160685
34.000000	-0.160685
35.000000	-0.160685
36.000000	-0.160685
37.000000	-0.160685
38.000000	-0.160685
39.000000	-0.160685
40.000000	-0.160685
41.000000	-0.160685
42.000000	-0.160685
43.000000	-0.160685
44.000000	-0.160685
45.000000	-0.160685
46.000000	-0.160685
47.000000	-0.160685
48.000000	-0.160685
49.000000	-0.160685
50.000000	-0.160685
51.000000	-0.160685
52.000000	-0.160685
53.000000	-0.160685
54.000000	-0.160685
55.000000	-0.160685
56.000000	-0.160685
57.000000	-0.160685
58.000000	-0.160685
59.000000	-0.160685
60.000000	-0.160685
61.000000	-0.160685
62.000000	-0.160685
63.000000	-0.160685
64.000000	-0.160685
65.000000	-0.160685
66.000000	-0.160685
67.000000	-0.160685
68.000000	-0.160685
69.000000	-0.160685
70.000000	-0.160685
71.000000	-0.160685
72.000000	-0.160685
73.000000	-0.160685
74.000000	-0.160685
75.000000	-0.160685
76.000000	-0.160685
77.000000	-0.160685
78.000000	-0.160685
79.000000	-0.160685
80.000000	-0.160685
81.000000	-0.160685
82.000000	-0.160685
83.000000	-0.160685
84.000000	-0.160685
85.000000	-0.160685
86.000000	-0.160685
87.000000	-0.160685
88.000000	-0.160685
89.000000	-0.160685
90.000000	-0.160685
91.000000	-0.160685
92.000000	-0.160685
93.000000	-0.160685
94.000000	-0.160685
95.000000	-0.160685
96.000000	-0.160685
97.000000	-0.160685
98.000000	-0.160685
99.000000	-0.160685
100.000000	-0.160685
101.000000	-0.160685
102.000000	-0.160685
103.000000	-0.160685
104.000000	-0.160685
105.000000	-0.160685
106.000000	-0.160685
107.000000	-0.160685
108.000000	-0.160685
109.000000	-0.160685
110.000000	-0.160685
111.000000	-0.160685
112.000000	-0.160685
113.000000	-0.160685
114.000000	-0.160685
115.000000	-0.160685
116.000000	-0.160685
117.000000	-0.160685
118.000000	-0.160685
119.000000	-0.160685
120.000000	-0.160685
121.000000	-0.160685
122.000000	-0.160685
123.000000	-0.160685
124.000000	-0.160685
125.000000	-0.160685
126.000000	-0.160685
127.000000	-0.160685
128.000000	-0.160685
129.000000	-0.160685
130.000000	-0.160685
131.000000	-0.160685
132.000000	-0.160685
133.000000	-0.160685
134.000000	-0.160685
135.000000	-0.160685
136.000000	-0.160685
137.000000	-0.160685
138.000000	-0.160685
139.000000	-0.160685
140.000000	-0.160685
141.000000	-0.160685
142.000000	-0.160685
143.000000	-0.160685
144.000000	-0.160685
145.000000	-0.160685
146.000000	-0.160685
147.000000	-0.160685
148.000000	-0.160685
149.000000	-0.160685
150.000000	-0.160685
151.000000	-0.160685
152.000000	-0.160685
153.000000	-0.160685
154.000000	-0.160685
155.000000	-0.160685
156.000000	-0.160685
157.000000	-0.160685
158.000000	-0.160685
159.000000	-0.160685
160.000000	-0.160685
161.000000	-0.160685
162.000000	-0.160685
163.000000	-0.160685
164.000000	-0.160685
165.000000	-0.160685
166.000000	-0.160685
167.000000	-0.160685
168.000000	-0.160685
169.000000	-0.160685
170.000000	-0.160685
171.000000	-0.160685
172.000000	-0.160685
173.000000	-0.160685
174.000000	-0.160685
175.000000	-0.160685
176.000000	-0.160685
177.000000	-0.160685
178.000000	-0.160685
179.000000	-0.160685
180.000000	-0.160685
181.000000	-0.160685
182.000000	-0.160685
183.000000	-0.160685
184.000000	-0.160685
185.000000	-0.160685
186.000000	-0.160685
187.000000	-0.160685
188.000000	-0.160685
189.000000	-0.160685
190.000000	-0.160685
191.000000	-0.160685
192.000000	-0.160685
193.000000	-0.160685
194.000000	-0.160685
195.000000	-0.160685
196.000000	-0.160685
197.000000	-0.160685
198.000000	-0.160685
199.000000	-0.160685
200.000000	-0.160685
201.000000	-0.160685
202.000000	-0.160685
203.000000	-0.160685
204.000000	-0.160685
205.000000	-0.160685
206.000000	-0.160685
207.000000	-0.160685
208.000000	-0.160685
209.000000	-0.160685
210.000000	-0.160685
211.000000	-0.160685
212.000000	-0.160685
213.000000	-0.160685
214.000000	-0.160685
215.000000	-0.160685
216.000000	-0.160685
217.000000	-0.160685
218.000000	-0.160685
219.000000	-0.160685
220.000000	-0.160685
221.000000	-0.160685
222.000000	-0.160685
223.000000	-0.160685
224.000000	-0.160685
225.000000	-0.160685
226.000000	-0.160685
227.000000	-0.160685
228.000000	-0.160685
229.000000	-0.160685
230.000000	-0.160685
231.000000	-0.160685
232.000000	-0.160685
233.000000	-0.160685
234.000000	-0.160685
235.000000	-0.160685
236.000000	-0.160685
237.000000	-0.160685
238.000000	-0.160685
239.000000	-0.160685
240.000000	-0.160685
241.000000	-0.160685
242.000000	-0.160685
243.000000	-0.160685
244.000000	-0.160685
245.000000	-0.160685
246.000000	-0.160685
247.000000	-0.160685
248.000000	-0.160685
249.000000	-0.160685
250.000000	-0.160685
251.000000	-0.160685
252.000000	-0.160685
253.000000	-0.160685
254.000000	-0.160685
255.000000	-0.160685
256.000000	-0.160685
257.000000	-0.160685
258.000000	-0.160685
259.000000	-0.160685
260.000000	-0.160685
261.000000	-0.160685
262.000000	-0.160685
263.000000	-0.160685
264.000000	-0.160685
265.000000	-0.160685
266.000000	-0.160685
267.000000	-0.160685
268.000000	-0.160685
269.000000	-0.160685
270.000000	-0.160685
271.000000	-0.160685
272.000000	-0.160685
273.000000	-0.160685
274.000000	-0.160685
275.000000	-0.160685
276.000000	-0.160685
277.000000	-0.160685
278.000000	-0.160685
279.000000	-0.160685
280.000000	-0.160685
281.000000	-0.160685
282.000000	-0.160685
283.000000	-0.160685
284.000000	-0.160685
285.000000	-0.160685
286.000000	-0.160685
287.000000	-0.160685
288.000000	-0.160685
289.000000	-0.160685
290.000000	-0.160685
291.000000	-0.160685
292.000000	-0.160685
293.000000	-0.160685
294.000000	-0.160685
295.000000	-0.160685
296.000000	-0.160685
297.000000	-0.160685
298.000000	-0.160685
299.000000	-0.160685
300.000000	-0.160685
301.000000	-0.160685
302.000000	-0.160685
303.000000	-0.160685
304.000000	-0.160685
305.000000	-0.160685
306.000000	-0.160685
307.000000	-0.160685
308.000000	-0.160685
309.000000	-0.160685
310.000000	-0.160685
311.000000	-0.160685
312.000000	-0.160685
313.000000	-0.160685
314.000000	-0.160685
315.000000	-0.160685
316.000000	-0.160685
317.000000	-0.160685
318.000000	-0.160685
319.000000	-0.160685
320.000000	-0.160685
321.000000	-0.160685
322.000000	-0.160685
323.000000	-0.160685
324.000000	-0.160685
325.000000	-0.160685
326.000000	-0.160685
327.000000	-0.160685
328.000000	-0.160685
329.000000	-0.160685
330.000000	-0.160685
331.000000	-0.160685
332.000000	-0.160685
333.000000	-0.160685
334.000000	-0.160685
335.000000	-0.160685
336.000000	-0.160685
337.000000	-0.160685
338.000000	-0.160685
339.000000	-0.160685
340.000000	-0.160685
341.000000	-0.160685
342.000000	-0.160685
343.000000	-0.160685
344.000000	-0.160685
345.000000	-0.160685
346.000000	-0.160685
347.000000	-0.160685
348.000000	-0.160685
349.000000	-0.160685
350.000000	-0.160685
351.000000	-0.160685
352.000000	-0.160685
353.000000	-0.160685
354.000000	-0.160685
355.000000	-0.160685
356.000000	-0.160685
357.000000	-0.160685
358.000000	-0.160685
359.000000	-0.160685
360.000000	-0.160685
361.000000	-0.160685
362.000000	-0.160685
363.000000	-0.160685
364.000000	-0.160685
365.000000	-0.160685
366.000000	-0.160685
367.000000	-0.160685
368.000000	-0.160685
369.000000	-0.160685
370.000000	-0.160685
371.000000	-0.160685
372.000000	-0.160685
373.000000	-0.160685
374.000000	-0.160685
375.000000	-0.160685
376.000000	-0.160685
377.000000	-0.160685
378.000000	-0.160685
379.000000	-0.160685
380.000000	-0.160685
381.000000	-0.160685
382.000000	-0.160685
383.000000	-0.160685
384.000000	-0.160685
385.000000	-0.160685
386.000000	-0.160685
387.000000	-0.160685
388.000000	-0.160685
389.000000	-0.160685
390.000000	-0.160685
391.000000	-0.160685
392.000000	-0.160685
393.000000	-0.160685
394.000000	-0.160685
395.000000	-0.160685
396.000000	-0.160685
397.000000	-0.160685
398.000000	-0.160685
399.000000	-0.160685
400.000000	-0.160685
401.000000	-0.160685
402.000000	-0.160685
403.000000	-0.160685
404.000000	-0.160685
405.000000	-0.160685
406.000000	-0.160685
407.000000	-0.160685
408.000000	-0.160685
409.000000	-0.160685
410.000000	-0.160685
411.000000	-0.160685
412.000000	-0.160685
413.000000	-0.160685
414.000000	-0.160685
415.000000	-0.160685
416.000000	-0.160685
417.000000	-0.160685
418.000000	-0.160685
419.000000	-0.160685
420.000000	-0.160685
421.000000	-0.160685
422.000000	-0.160685
423.000000	-0.160685
424.000000	-0.160685
425.000000	-0.160685
426.000000	-0.160685
427.000000	-0.160685
428.000000	-0.160685
429.000000	-0.160685
430.000000	-0.160685
431.000000	-0.160685
432.000000	-0.160685
433.000000	-0.160685
434.000000	-0.160685
435.000000	-0.160685
436.000000	-0.160685
437.000000	-0.160685
438.000000	-0.160685
439.000000	-0.160685
440.000000	-0.160685
441.000000	-0.160685
442.000000	-0.160685
443.000000	-0.160685
444.000000	-0.160685
445.000000	-0.160685
446.000000	-0.160685
447.000000	-0.160685
448.000000	-0.160685
449.000000	-0.160685
450.000000	-0.160685
451.000000	-0.160685
452.000000	-0.160685
453.000000	-0.160685
454.000000	-0.160685
455.000000	-0.160685
456.000000	-0.160685
457.000000	-0.160685
458.000000	-0.160685
459.000000	-0.160685
460.000000	-0.160685
461.000000	-0.160685
462.000000	-0.160685
463.000000	-0.160685
464.000000	-0.160685
465.000000	-0.160685
466.000000	-0.160685
467.000000	-0.160685
468.000000	-0.160685
469.000000	-0.160685
470.000000	-0.160685
471.000000	-0.160685
472.000000	-0.160685
473.000000	-0.160685
474.000000	-0.160685
475.000000	-0.160685
476.000000	-0.160685
477.000000	-0.160685
478.000000	-0.160685
479.000000	-0.160685
480.000000	-0.160685
481.000000	-0.160685
482.000000	-0.160685
483.000000	-0.160685
484.000000	-0.160685
485.000000	-0.160685
486.000000	-0.160685
487.000000	-0.160685
488.000000	-0.160685
489.000000	-0.160685
490.000000	-0.160685
491.000000	-0.160685
492.000000	-0.160685
493.000000	-0.160685
494.000000	-0.160685
495.000000	-0.160685
496.000000	-0.160685
497.000000	-0.160685
498.000000	-0.160685
499.000000	-0.160685
500.000000	-0.160685
501.000000	-0.160685
	
	
	
	
	
	
	
	
	
	
	
	
	
	
	
	
	
	
	
	
	
	
	
	
	
	
	
	
	
	
	
	
	
	
	
	
	
	
	
	
	
	
	
	
	
	
	
	
	
	
	
	
	
	
	
	
	
	
	
	
	
	
	
	
	
	
	
	
	
	
	
	
	
	
	
	
	
	
	
	
	
	
	
	
	
	
	
	
	
	
	
	
	
	
	
	
	
	
	
	
	
	
	
	
	
	
	
	
	
	
	
	
	
	
	
	
	
	
	
	
	
	
	
	
	
	
	
	
	
	
	
	
	
	
	
	
	
	
	
	
	
	
	
	
	
	
	
	
	
	
	
	
	
	
	
	
	
	
	
	
	
	
	
	
	
	
	
	
	
	
	
	
	
	
	
	
	
	
	
	
	
	
	
	
	
	
	
	
	
	
	
	
	
	
	
	
	
	
	
	
	
	
	
	
	
	
	
	
	
	
	
	
	
	
	
	
	
	
	
	
	
	
	
	
	
	
	
	
	
	
	
	
	
	
	
	
	
	
	
	
	
	
	
	
	
	
	
	
	
	
	
	
	
	
	
	
	
	
	
	
	
	
	
	
	
	
	
	
	
	
	
	
	
	
	
	
	
	
	
	
	
	
	
	
	
	
	
	
	
	
	
	
	
	
	
	
	
	
	
	
	
	
	
	
	
	
	
	
	
	
	
	
	
	
	
	
	
	
	
	
	
	
	
	
	
	
	
	
	
	
	
	
	
	
	
	
	
	
	
	
	
	
	
	
	
	
	
	
	
	
	
	
	
	
	
	
	
	
	
	
	
	
	
	
	
	
	
	
	
	
	
	
	
	
	
	
	
	
	
	
	
	
	
	
	
	
	
	
	
	
	
	
	
	
	
	
	
	
	
	
	
	
	
	
	
	
	
	
	
	
	
	
	
	
	
	
	
	
	
	
	
	
	
	
	
	
	
	
	
	
	
	
	
	
	
	
	
	
	
	
	
	
	
	
	
	
	
	
	
	
	
	
	
	
	
	
	
	
	
	
	
	
	
	
	
	
	
	
	
	
	
	
	
	
	
	
	
	
	
	
	
	
	
	
	
	
	
	
	
	
	
	
	
	
	
	
	
	
	
