1.000000	0.023658
2.000000	0.004237
3.000000	-0.033192
4.000000	-0.067267
5.000000	-0.049700
6.000000	-0.067708
7.000000	-0.100282
8.000000	-0.070092
9.000000	-0.061088
10.000000	-0.079537
11.000000	-0.079008
12.000000	-0.089866
13.000000	-0.083775
14.000000	-0.082362
15.000000	-0.122528
16.000000	-0.079449
17.000000	-0.114936
18.000000	-0.111141
19.000000	-0.109287
20.000000	-0.079537
21.000000	-0.069562
22.000000	-0.060558
23.000000	-0.073358
24.000000	-0.057733
25.000000	-0.077595
26.000000	-0.046345
27.000000	-0.067620
28.000000	-0.092249
29.000000	-0.111670
30.000000	-0.121116
31.000000	-0.092779
32.000000	-0.098429
33.000000	-0.107433
34.000000	-0.099311
35.000000	-0.099311
36.000000	-0.060999
37.000000	-0.078478
38.000000	-0.067620
39.000000	-0.059675
40.000000	-0.083245
41.000000	-0.071946
42.000000	-0.056321
43.000000	-0.035487
44.000000	-0.061970
45.000000	-0.061529
46.000000	-0.077684
47.000000	-0.077595
48.000000	-0.075653
49.000000	-0.063824
50.000000	-0.058174
51.000000	-0.049170
52.000000	-0.067620
53.000000	-0.080420
54.000000	-0.097899
55.000000	-0.089866
56.000000	-0.088012
57.000000	-0.051554
58.000000	-0.078037
59.000000	-0.101254
60.000000	-0.097458
61.000000	-0.095516
62.000000	-0.083775
63.000000	-0.075742
64.000000	-0.088542
65.000000	-0.037429
66.000000	-0.085629
67.000000	-0.098870
68.000000	-0.071857
69.000000	-0.047228
70.000000	-0.081833
71.000000	-0.106903
72.000000	-0.099753
73.000000	-0.076624
74.000000	-0.052966
75.000000	-0.061970
76.000000	-0.072299
77.000000	-0.069562
78.000000	-0.080420
79.000000	-0.047669
80.000000	-0.086953
81.000000	-0.057203
82.000000	-0.060558
83.000000	-0.035487
84.000000	-0.055879
85.000000	-0.053054
86.000000	-0.073888
87.000000	-0.077595
88.000000	-0.067708
89.000000	-0.081480
90.000000	-0.071504
91.000000	-0.073799
92.000000	-0.067620
93.000000	-0.055791
94.000000	-0.095516
95.000000	-0.087924
96.000000	-0.070004
97.000000	-0.055350
98.000000	-0.063383
99.000000	-0.079008
100.000000	-0.050141
101.000000	-0.085099
102.000000	-0.060028
103.000000	-0.100724
104.000000	-0.069032
105.000000	-0.074682
106.000000	-0.051995
107.000000	-0.076624
108.000000	-0.096487
109.000000	-0.107345
110.000000	-0.081303
111.000000	-0.071857
112.000000	-0.058616
113.000000	-0.078478
114.000000	-0.087482
115.000000	-0.090307
116.000000	-0.117761
117.000000	-0.102136
118.000000	-0.057733
119.000000	-0.095604
120.000000	-0.097458
121.000000	-0.093662
122.000000	-0.064354
123.000000	-0.051995
124.000000	-0.077066
125.000000	-0.095074
126.000000	-0.046345
127.000000	-0.061529
128.000000	-0.081391
129.000000	-0.083686
130.000000	-0.065766
131.000000	-0.053937
132.000000	-0.061970
133.000000	-0.072828
134.000000	-0.063383
135.000000	-0.087041
136.000000	-0.062412
137.000000	-0.060999
138.000000	-0.045374
139.000000	-0.051554
140.000000	-0.062941
141.000000	-0.085629
142.000000	-0.053496
143.000000	-0.080508
144.000000	-0.074329
145.000000	-0.055350
146.000000	-0.089866
147.000000	-0.072828
148.000000	-0.087041
149.000000	-0.088983
150.000000	-0.046875
151.000000	-0.052083
152.000000	-0.039283
153.000000	-0.015095
154.000000	-0.060470
155.000000	-0.093132
156.000000	-0.096487
157.000000	-0.095957
158.000000	-0.084128
159.000000	-0.079449
160.000000	-0.063383
161.000000	-0.093662
162.000000	-0.065766
163.000000	-0.068591
164.000000	-0.045374
165.000000	-0.046345
166.000000	-0.061441
167.000000	-0.099311
168.000000	-0.080420
169.000000	-0.105049
170.000000	-0.104961
171.000000	-0.108757
172.000000	-0.088542
173.000000	-0.053496
174.000000	-0.061088
175.000000	-0.063383
176.000000	-0.048729
177.000000	-0.059587
178.000000	-0.070975
179.000000	-0.056321
180.000000	-0.052525
181.000000	-0.072828
182.000000	-0.057292
183.000000	-0.096487
184.000000	-0.063912
185.000000	-0.060117
186.000000	-0.077595
187.000000	-0.088983
188.000000	-0.086158
189.000000	-0.061529
190.000000	-0.055791
191.000000	-0.077066
192.000000	-0.063383
193.000000	-0.053407
194.000000	-0.043520
195.000000	-0.066208
196.000000	-0.081833
197.000000	-0.051554
198.000000	-0.092249
199.000000	-0.086600
200.000000	-0.072828
201.000000	-0.088453
202.000000	-0.057203
203.000000	-0.063383
204.000000	-0.053496
205.000000	-0.047758
206.000000	-0.061970
207.000000	-0.045463
208.000000	-0.079979
209.000000	-0.081391
210.000000	-0.111141
211.000000	-0.121557
212.000000	-0.050141
213.000000	-0.053937
214.000000	-0.081391
215.000000	-0.093220
216.000000	-0.105491
217.000000	-0.104608
218.000000	-0.099311
219.000000	-0.091808
220.000000	-0.055879
221.000000	-0.070533
222.000000	-0.065325
223.000000	-0.091808
224.000000	-0.085187
225.000000	-0.069562
226.000000	-0.068150
227.000000	-0.059587
228.000000	-0.043520
229.000000	-0.084746
230.000000	-0.070975
231.000000	-0.089424
232.000000	-0.079449
233.000000	-0.090837
234.000000	-0.079979
235.000000	-0.079979
236.000000	-0.073358
237.000000	-0.072828
238.000000	-0.061970
239.000000	-0.056321
240.000000	-0.057733
241.000000	-0.074329
242.000000	-0.053054
243.000000	-0.070533
244.000000	-0.046875
245.000000	-0.095074
246.000000	-0.071416
247.000000	-0.050671
248.000000	-0.065325
249.000000	-0.043079
250.000000	-0.073799
251.000000	-0.046875
252.000000	-0.077595
253.000000	-0.069032
254.000000	-0.099841
255.000000	-0.105932
256.000000	-0.097458
257.000000	-0.098340
258.000000	-0.063383
259.000000	-0.070445
260.000000	-0.071416
261.000000	-0.086070
262.000000	-0.080862
263.000000	-0.087924
264.000000	-0.112994
265.000000	-0.108316
266.000000	-0.089424
267.000000	-0.116790
268.000000	-0.069032
269.000000	-0.075653
270.000000	-0.094633
271.000000	-0.079008
272.000000	-0.066208
273.000000	-0.078037
274.000000	-0.054379
275.000000	-0.093220
276.000000	-0.090307
277.000000	-0.077595
278.000000	-0.079008
279.000000	-0.102666
280.000000	-0.082274
281.000000	-0.083245
282.000000	-0.111582
283.000000	-0.081833
284.000000	-0.061970
285.000000	-0.052966
286.000000	-0.070975
287.000000	-0.063912
288.000000	-0.048729
289.000000	-0.061529
290.000000	-0.060558
291.000000	-0.046875
292.000000	-0.093220
293.000000	-0.086158
294.000000	-0.075212
295.000000	-0.064795
296.000000	-0.050141
297.000000	-0.025071
298.000000	-0.055791
299.000000	-0.052966
300.000000	-0.042549
301.000000	-0.029838
302.000000	-0.083245
303.000000	-0.091278
304.000000	-0.081391
305.000000	-0.060028
306.000000	-0.067179
307.000000	-0.073358
308.000000	-0.078478
309.000000	-0.100724
310.000000	-0.092691
311.000000	-0.073799
312.000000	-0.067179
313.000000	-0.077595
314.000000	-0.109287
315.000000	-0.120586
316.000000	-0.075653
317.000000	-0.064266
318.000000	-0.081391
319.000000	-0.081833
320.000000	-0.072299
321.000000	-0.112112
322.000000	-0.081833
323.000000	-0.083686
324.000000	-0.103549
325.000000	-0.095516
326.000000	-0.068061
327.000000	-0.078919
328.000000	-0.054379
329.000000	-0.088895
330.000000	-0.101165
331.000000	-0.099223
332.000000	-0.083686
333.000000	-0.066208
334.000000	-0.088895
335.000000	-0.093132
336.000000	-0.114936
337.000000	-0.087482
338.000000	-0.121557
339.000000	-0.089866
340.000000	-0.084128
341.000000	-0.072828
342.000000	-0.080862
343.000000	-0.080862
344.000000	-0.089866
345.000000	-0.088453
346.000000	-0.079979
347.000000	-0.070975
348.000000	-0.080862
349.000000	-0.101695
350.000000	-0.065766
351.000000	-0.058616
352.000000	-0.085099
353.000000	-0.089424
354.000000	-0.052966
355.000000	-0.054908
356.000000	-0.077595
357.000000	-0.103107
358.000000	-0.076183
359.000000	-0.075212
360.000000	-0.068591
361.000000	-0.073799
362.000000	-0.102136
363.000000	-0.059587
364.000000	-0.075212
365.000000	-0.096487
366.000000	-0.115378
367.000000	-0.058616
368.000000	-0.077507
369.000000	-0.051995
370.000000	-0.087482
371.000000	-0.071946
372.000000	-0.051554
373.000000	-0.053407
374.000000	-0.086070
375.000000	-0.105932
376.000000	-0.077066
377.000000	-0.080862
378.000000	-0.070445
379.000000	-0.062412
380.000000	-0.095516
381.000000	-0.094544
382.000000	-0.078478
383.000000	-0.068503
384.000000	-0.068944
385.000000	-0.077507
386.000000	-0.094544
387.000000	-0.086511
388.000000	-0.109728
389.000000	-0.107345
390.000000	-0.095074
391.000000	-0.078919
392.000000	-0.102578
393.000000	-0.090307
394.000000	-0.073270
395.000000	-0.071416
396.000000	-0.072299
397.000000	-0.071857
398.000000	-0.076095
399.000000	-0.070886
400.000000	-0.099753
401.000000	-0.079449
402.000000	-0.063383
403.000000	-0.064354
404.000000	-0.064795
405.000000	-0.081833
406.000000	-0.077066
407.000000	-0.079008
408.000000	-0.059587
409.000000	-0.058174
410.000000	-0.070004
411.000000	-0.082804
412.000000	-0.104520
413.000000	-0.102578
414.000000	-0.085099
415.000000	-0.116790
416.000000	-0.079449
417.000000	-0.085099
418.000000	-0.075212
419.000000	-0.060911
420.000000	-0.080332
421.000000	-0.073358
422.000000	-0.052966
423.000000	-0.060028
424.000000	-0.080862
425.000000	-0.056321
426.000000	-0.093662
427.000000	-0.100282
428.000000	-0.067179
429.000000	-0.066208
430.000000	-0.075742
431.000000	-0.070445
432.000000	-0.077066
433.000000	-0.101165
434.000000	-0.082274
435.000000	-0.053849
436.000000	-0.067620
437.000000	-0.064795
438.000000	-0.071416
439.000000	-0.059145
440.000000	-0.067620
441.000000	-0.057645
442.000000	-0.053407
443.000000	-0.070886
444.000000	-0.038754
445.000000	-0.088895
446.000000	-0.087482
447.000000	-0.083686
448.000000	-0.068061
449.000000	-0.054820
450.000000	-0.056232
451.000000	-0.045816
452.000000	-0.071857
453.000000	-0.079891
454.000000	-0.074241
455.000000	-0.069474
456.000000	-0.079891
457.000000	-0.060028
458.000000	-0.066208
459.000000	-0.086070
460.000000	-0.110169
461.000000	-0.084657
462.000000	-0.062412
463.000000	-0.052083
464.000000	-0.060558
465.000000	-0.044933
466.000000	-0.070886
467.000000	-0.062853
468.000000	-0.096928
469.000000	-0.077066
470.000000	-0.057203
471.000000	-0.067620
472.000000	-0.089336
473.000000	-0.045816
474.000000	-0.068591
475.000000	-0.068591
476.000000	-0.061088
477.000000	-0.080508
478.000000	-0.071504
479.000000	-0.075300
480.000000	-0.098429
481.000000	-0.074329
482.000000	-0.089866
483.000000	-0.057292
484.000000	-0.045021
485.000000	-0.056762
486.000000	-0.088012
487.000000	-0.087041
488.000000	-0.111582
489.000000	-0.097458
490.000000	-0.075653
491.000000	-0.087041
492.000000	-0.080420
493.000000	-0.071857
494.000000	-0.086511
495.000000	-0.107874
496.000000	-0.090837
497.000000	-0.126766
498.000000	-0.120586
499.000000	-0.087482
500.000000	-0.087041
501.000000	-0.056321
	
	
	
	
	
	
	
	
	
	
	
	
	
	
	
	
	
	
	
	
	
	
	
	
	
	
	
	
	
	
	
	
	
	
	
	
	
	
	
	
	
	
	
	
	
	
	
	
	
	
	
	
	
	
	
	
	
	
	
	
	
	
	
	
	
	
	
	
	
	
	
	
	
	
	
	
	
	
	
	
	
	
	
	
	
	
	
	
	
	
	
	
	
	
	
	
	
	
	
	
	
	
	
	
	
	
	
	
	
	
	
	
	
	
	
	
	
	
	
	
	
	
	
	
	
	
	
	
	
	
	
	
	
	
	
	
	
	
	
	
	
	
	
	
	
	
	
	
	
	
	
	
	
	
	
	
	
	
	
	
	
	
	
	
	
	
	
	
	
	
	
	
	
	
	
	
	
	
	
	
	
	
	
	
	
	
	
	
	
	
	
	
	
	
	
	
	
	
	
	
	
	
	
	
	
	
	
	
	
	
	
	
	
	
	
	
	
	
	
	
	
	
	
	
	
	
	
	
	
	
	
	
	
	
	
	
	
	
	
	
	
	
	
	
	
	
	
	
	
	
	
	
	
	
	
	
	
	
	
	
	
	
	
	
	
	
	
	
	
	
	
	
	
	
	
	
	
	
	
	
	
	
	
	
	
	
	
	
	
	
	
	
	
	
	
	
	
	
	
	
	
	
	
	
	
	
	
	
	
	
	
	
	
	
	
	
	
	
	
	
	
	
	
	
	
	
	
	
	
	
	
	
	
	
	
	
	
	
	
	
	
	
	
	
	
	
	
	
	
	
	
	
	
	
	
	
	
	
	
	
	
	
	
	
	
	
	
	
	
	
	
	
	
	
	
	
	
	
	
	
	
	
	
	
	
	
	
	
	
	
	
	
	
	
	
	
	
	
	
	
	
	
	
	
	
	
	
	
	
	
	
	
	
	
	
	
	
	
	
	
	
	
	
	
	
	
	
	
	
	
	
	
	
	
	
	
	
	
	
	
	
	
	
	
	
	
	
	
	
	
	
	
	
	
	
	
	
	
	
	
	
	
	
	
	
	
	
	
	
	
	
	
	
	
	
	
	
	
	
	
	
	
	
	
	
	
	
	
	
	
	
	
	
	
	
	
	
	
	
