1.000000	-0.042139
2.000000	-0.480450
3.000000	-0.701179
4.000000	-0.763656
5.000000	-0.823094
6.000000	-0.814526
7.000000	-0.816261
8.000000	-0.821360
9.000000	-0.818973
10.000000	-0.812357
11.000000	-0.822986
12.000000	-0.847282
13.000000	-0.841100
14.000000	-0.821143
15.000000	-0.885354
16.000000	-0.900538
17.000000	-0.902925
18.000000	-0.885028
19.000000	-0.898695
20.000000	-0.879064
21.000000	-0.885354
22.000000	-0.860732
23.000000	-0.849886
24.000000	-0.820816
25.000000	-0.865287
26.000000	-0.851620
27.000000	-0.867130
28.000000	-0.863010
29.000000	-0.838822
30.000000	-0.865396
31.000000	-0.865722
32.000000	-0.861058
33.000000	-0.872339
34.000000	-0.904985
35.000000	-0.904985
36.000000	-0.916049
37.000000	-0.891426
38.000000	-0.867130
39.000000	-0.861275
40.000000	-0.860623
41.000000	-0.843269
42.000000	-0.845330
43.000000	-0.822877
44.000000	-0.854007
45.000000	-0.860949
46.000000	-0.839366
47.000000	-0.847499
48.000000	-0.855958
49.000000	-0.875916
50.000000	-0.893922
51.000000	-0.904876
52.000000	-0.898260
53.000000	-0.887414
54.000000	-0.885028
55.000000	-0.860623
56.000000	-0.852055
57.000000	-0.849451
58.000000	-0.849451
59.000000	-0.860949
60.000000	-0.865287
61.000000	-0.873747
62.000000	-0.836653
63.000000	-0.838931
64.000000	-0.850320
65.000000	-0.827759
66.000000	-0.845221
67.000000	-0.867457
68.000000	-0.882532
69.000000	-0.895547
70.000000	-0.907372
71.000000	-0.891861
72.000000	-0.871360
73.000000	-0.860623
74.000000	-0.882750
75.000000	-0.871795
76.000000	-0.875590
77.000000	-0.872012
78.000000	-0.891861
79.000000	-0.910841
80.000000	-0.904442
81.000000	-0.911493
82.000000	-0.860732
83.000000	-0.827324
84.000000	-0.816695
85.000000	-0.830145
86.000000	-0.834810
87.000000	-0.860840
88.000000	-0.854550
89.000000	-0.839474
90.000000	-0.845765
91.000000	-0.851837
92.000000	-0.862683
93.000000	-0.860405
94.000000	-0.900429
95.000000	-0.891318
96.000000	-0.891753
97.000000	-0.867348
98.000000	-0.891753
99.000000	-0.894139
100.000000	-0.900647
101.000000	-0.931450
102.000000	-0.938067
103.000000	-0.933837
104.000000	-0.904876
105.000000	-0.931342
106.000000	-0.913662
107.000000	-0.922882
108.000000	-0.918435
109.000000	-0.920496
110.000000	-0.949130
111.000000	-0.953686
112.000000	-0.958133
113.000000	-0.944792
114.000000	-0.920496
115.000000	-0.920387
116.000000	-0.907263
117.000000	-0.895982
118.000000	-0.874182
119.000000	-0.870061
120.000000	-0.874182
121.000000	-0.891861
122.000000	-0.887523
123.000000	-0.900321
124.000000	-0.915940
125.000000	-0.920713
126.000000	-0.909432
127.000000	-0.887632
128.000000	-0.865396
129.000000	-0.884810
130.000000	-0.871904
131.000000	-0.869626
132.000000	-0.849559
133.000000	-0.869408
134.000000	-0.878411
135.000000	-0.896308
136.000000	-0.887088
137.000000	-0.902707
138.000000	-0.860297
139.000000	-0.853898
140.000000	-0.854224
141.000000	-0.863010
142.000000	-0.836544
143.000000	-0.839257
144.000000	-0.850103
145.000000	-0.876242
146.000000	-0.873964
147.000000	-0.873855
148.000000	-0.900756
149.000000	-0.878955
150.000000	-0.889910
151.000000	-0.892187
152.000000	-0.916375
153.000000	-0.918000
154.000000	-0.926677
155.000000	-0.938067
156.000000	-0.918435
157.000000	-0.929064
158.000000	-0.931233
159.000000	-0.909432
160.000000	-0.882858
161.000000	-0.887414
162.000000	-0.889692
163.000000	-0.889583
164.000000	-0.873638
165.000000	-0.887197
166.000000	-0.904659
167.000000	-0.896091
168.000000	-0.905203
169.000000	-0.861058
170.000000	-0.860297
171.000000	-0.878194
172.000000	-0.877003
173.000000	-0.858780
174.000000	-0.841209
175.000000	-0.838387
176.000000	-0.831771
177.000000	-0.838279
178.000000	-0.834158
179.000000	-0.818647
180.000000	-0.809644
181.000000	-0.811596
182.000000	-0.809970
183.000000	-0.838387
184.000000	-0.832206
185.000000	-0.845439
186.000000	-0.843052
187.000000	-0.847825
188.000000	-0.847934
189.000000	-0.865396
190.000000	-0.864853
191.000000	-0.880363
192.000000	-0.887306
193.000000	-0.871360
194.000000	-0.860623
195.000000	-0.891644
196.000000	-0.876242
197.000000	-0.871686
198.000000	-0.867457
199.000000	-0.858780
200.000000	-0.864961
201.000000	-0.840665
202.000000	-0.831445
203.000000	-0.865070
204.000000	-0.858780
205.000000	-0.844895
206.000000	-0.831771
207.000000	-0.794351
208.000000	-0.854333
209.000000	-0.869843
210.000000	-0.880580
211.000000	-0.889583
212.000000	-0.900647
213.000000	-0.882967
214.000000	-0.874290
215.000000	-0.881015
216.000000	-0.876351
217.000000	-0.890236
218.000000	-0.891644
219.000000	-0.865505
220.000000	-0.852272
221.000000	-0.841100
222.000000	-0.843269
223.000000	-0.847716
224.000000	-0.861058
225.000000	-0.885354
226.000000	-0.865396
227.000000	-0.842726
228.000000	-0.847282
229.000000	-0.850212
230.000000	-0.829711
231.000000	-0.840883
232.000000	-0.842726
233.000000	-0.838605
234.000000	-0.823203
235.000000	-0.832097
236.000000	-0.814309
237.000000	-0.824937
238.000000	-0.831771
239.000000	-0.823094
240.000000	-0.829711
241.000000	-0.832315
242.000000	-0.825698
243.000000	-0.863336
244.000000	-0.845439
245.000000	-0.871795
246.000000	-0.845004
247.000000	-0.792182
248.000000	-0.816587
249.000000	-0.809753
250.000000	-0.834049
251.000000	-0.858780
252.000000	-0.896417
253.000000	-0.913771
254.000000	-0.921039
255.000000	-0.909432
256.000000	-0.914206
257.000000	-0.931450
258.000000	-0.931777
259.000000	-0.915940
260.000000	-0.916157
261.000000	-0.909432
262.000000	-0.938284
263.000000	-0.935789
264.000000	-0.911384
265.000000	-0.916266
266.000000	-0.916483
267.000000	-0.898151
268.000000	-0.891535
269.000000	-0.895982
270.000000	-0.883185
271.000000	-0.889692
272.000000	-0.882750
273.000000	-0.889475
274.000000	-0.898260
275.000000	-0.889910
276.000000	-0.924834
277.000000	-0.927547
278.000000	-0.916375
279.000000	-0.929825
280.000000	-0.913771
281.000000	-0.896200
282.000000	-0.913662
283.000000	-0.902925
284.000000	-0.871795
285.000000	-0.869408
286.000000	-0.851946
287.000000	-0.858889
288.000000	-0.836218
289.000000	-0.803137
290.000000	-0.834049
291.000000	-0.827650
292.000000	-0.809862
293.000000	-0.807910
294.000000	-0.849559
295.000000	-0.840557
296.000000	-0.865070
297.000000	-0.845004
298.000000	-0.878194
299.000000	-0.869408
300.000000	-0.869300
301.000000	-0.840883
302.000000	-0.869517
303.000000	-0.867239
304.000000	-0.860949
305.000000	-0.858019
306.000000	-0.860732
307.000000	-0.885462
308.000000	-0.878085
309.000000	-0.911602
310.000000	-0.931668
311.000000	-0.887414
312.000000	-0.860732
313.000000	-0.887523
314.000000	-0.885354
315.000000	-0.902707
316.000000	-0.922665
317.000000	-0.926786
318.000000	-0.887632
319.000000	-0.902925
320.000000	-0.911167
321.000000	-0.898586
322.000000	-0.902925
323.000000	-0.907046
324.000000	-0.924834
325.000000	-0.931559
326.000000	-0.922447
327.000000	-0.920061
328.000000	-0.920496
329.000000	-0.918218
330.000000	-0.918000
331.000000	-0.922013
332.000000	-0.920387
333.000000	-0.931668
334.000000	-0.931559
335.000000	-0.951408
336.000000	-0.916266
337.000000	-0.916049
338.000000	-0.920713
339.000000	-0.940671
340.000000	-0.944574
341.000000	-0.936115
342.000000	-0.920496
343.000000	-0.907154
344.000000	-0.905094
345.000000	-0.925160
346.000000	-0.925486
347.000000	-0.931994
348.000000	-0.902707
349.000000	-0.889583
350.000000	-0.880798
351.000000	-0.895874
352.000000	-0.891426
353.000000	-0.894248
354.000000	-0.873855
355.000000	-0.838714
356.000000	-0.860840
357.000000	-0.842834
358.000000	-0.845330
359.000000	-0.871795
360.000000	-0.889583
361.000000	-0.905203
362.000000	-0.904876
363.000000	-0.891644
364.000000	-0.889583
365.000000	-0.896200
366.000000	-0.913771
367.000000	-0.931450
368.000000	-0.917892
369.000000	-0.922556
370.000000	-0.911602
371.000000	-0.878846
372.000000	-0.898369
373.000000	-0.933620
374.000000	-0.927221
375.000000	-0.922774
376.000000	-0.947070
377.000000	-0.947178
378.000000	-0.929281
379.000000	-0.895982
380.000000	-0.913771
381.000000	-0.935789
382.000000	-0.922556
383.000000	-0.924399
384.000000	-0.926351
385.000000	-0.922339
386.000000	-0.913553
387.000000	-0.911384
388.000000	-0.927329
389.000000	-0.929390
390.000000	-0.942949
391.000000	-0.946743
392.000000	-0.942405
393.000000	-0.942623
394.000000	-0.955855
395.000000	-0.951734
396.000000	-0.955638
397.000000	-0.940345
398.000000	-0.942405
399.000000	-0.931233
400.000000	-0.915831
401.000000	-0.900538
402.000000	-0.922882
403.000000	-0.923100
404.000000	-0.920604
405.000000	-0.902925
406.000000	-0.924834
407.000000	-0.907481
408.000000	-0.882750
409.000000	-0.893922
410.000000	-0.913988
411.000000	-0.912036
412.000000	-0.925052
413.000000	-0.906828
414.000000	-0.922556
415.000000	-0.924834
416.000000	-0.918327
417.000000	-0.909215
418.000000	-0.929607
419.000000	-0.941970
420.000000	-0.931124
421.000000	-0.921039
422.000000	-0.909432
423.000000	-0.893596
424.000000	-0.898260
425.000000	-0.885354
426.000000	-0.891861
427.000000	-0.878520
428.000000	-0.865179
429.000000	-0.878303
430.000000	-0.878955
431.000000	-0.902599
432.000000	-0.898151
433.000000	-0.909106
434.000000	-0.913771
435.000000	-0.899995
436.000000	-0.911602
437.000000	-0.907263
438.000000	-0.907263
439.000000	-0.911928
440.000000	-0.929390
441.000000	-0.926786
442.000000	-0.929172
443.000000	-0.926786
444.000000	-0.891426
445.000000	-0.913771
446.000000	-0.933837
447.000000	-0.929281
448.000000	-0.926895
449.000000	-0.931342
450.000000	-0.933511
451.000000	-0.915614
452.000000	-0.949239
453.000000	-0.960302
454.000000	-0.947178
455.000000	-0.920170
456.000000	-0.942514
457.000000	-0.951408
458.000000	-0.953903
459.000000	-0.945009
460.000000	-0.938175
461.000000	-0.907263
462.000000	-0.909324
463.000000	-0.892187
464.000000	-0.891861
465.000000	-0.898369
466.000000	-0.935680
467.000000	-0.933511
468.000000	-0.920387
469.000000	-0.898151
470.000000	-0.924834
471.000000	-0.911602
472.000000	-0.906828
473.000000	-0.906720
474.000000	-0.871795
475.000000	-0.862901
476.000000	-0.841209
477.000000	-0.839257
478.000000	-0.823529
479.000000	-0.828085
480.000000	-0.843269
481.000000	-0.845656
482.000000	-0.847282
483.000000	-0.845547
484.000000	-0.827976
485.000000	-0.851729
486.000000	-0.878737
487.000000	-0.860732
488.000000	-0.891426
489.000000	-0.874182
490.000000	-0.864853
491.000000	-0.869626
492.000000	-0.878520
493.000000	-0.864744
494.000000	-0.840230
495.000000	-0.852055
496.000000	-0.838605
497.000000	-0.865179
498.000000	-0.871578
499.000000	-0.862683
500.000000	-0.856284
501.000000	-0.863118
	
	
	
	
	
	
	
	
	
	
	
	
	
	
	
	
	
	
	
	
	
	
	
	
	
	
	
	
	
	
	
	
	
	
	
	
	
	
	
	
	
	
	
	
	
	
	
	
	
	
	
	
	
	
	
	
	
	
	
	
	
	
	
	
	
	
	
	
	
	
	
	
	
	
	
	
	
	
	
	
	
	
	
	
	
	
	
	
	
	
	
	
	
	
	
	
	
	
	
	
	
	
	
	
	
	
	
	
	
	
	
	
	
	
	
	
	
	
	
	
	
	
	
	
	
	
	
	
	
	
	
	
	
	
	
	
	
	
	
	
	
	
	
	
	
	
	
	
	
	
	
	
	
	
	
	
	
	
	
	
	
	
	
	
	
	
	
	
	
	
	
	
	
	
	
	
	
	
	
	
	
	
	
	
	
	
	
	
	
	
	
	
	
	
	
	
	
	
	
	
	
	
	
	
	
	
	
	
	
	
	
	
	
	
	
	
	
	
	
	
	
	
	
	
	
	
	
	
	
	
	
	
	
	
	
	
	
	
	
	
	
	
	
	
	
	
	
	
	
	
	
	
	
	
	
	
	
	
	
	
	
	
	
	
	
	
	
	
	
	
	
	
	
	
	
	
	
	
	
	
	
	
	
	
	
	
	
	
	
	
	
	
	
	
	
	
	
	
	
	
	
	
	
	
	
	
	
	
	
	
	
	
	
	
	
	
	
	
	
	
	
	
	
	
	
	
	
	
	
	
	
	
	
	
	
	
	
	
	
	
	
	
	
	
	
	
	
	
	
	
	
	
	
	
	
	
	
	
	
	
	
	
	
	
	
	
	
	
	
	
	
	
	
	
	
	
	
	
	
	
	
	
	
	
	
	
	
	
	
	
	
	
	
	
	
	
	
	
	
	
	
	
	
	
	
	
	
	
	
	
	
	
	
	
	
	
	
	
	
	
	
	
	
	
	
	
	
	
	
	
	
	
	
	
	
	
	
	
	
	
	
	
	
	
	
	
	
	
	
	
	
	
	
	
	
	
	
	
	
	
	
	
	
	
	
	
	
	
	
	
	
	
	
	
	
	
	
	
	
	
	
	
	
	
	
	
	
	
	
	
	
	
	
	
	
	
	
	
	
