1.000000	0.001203
2.000000	-0.246391
3.000000	-0.307624
4.000000	-0.371771
5.000000	-0.367528
6.000000	-0.394883
7.000000	-0.387095
8.000000	-0.399063
9.000000	-0.404382
10.000000	-0.412107
11.000000	-0.404319
12.000000	-0.362145
13.000000	-0.369934
14.000000	-0.387158
15.000000	-0.324785
16.000000	-0.337196
17.000000	-0.322378
18.000000	-0.340172
19.000000	-0.315286
20.000000	-0.340869
21.000000	-0.353280
22.000000	-0.382345
23.000000	-0.392477
24.000000	-0.383549
25.000000	-0.331307
26.000000	-0.356193
27.000000	-0.357966
28.000000	-0.342579
29.000000	-0.376456
30.000000	-0.337259
31.000000	-0.340869
32.000000	-0.343212
33.000000	-0.342642
34.000000	-0.318199
35.000000	-0.318199
36.000000	-0.305724
37.000000	-0.330041
38.000000	-0.348468
39.000000	-0.364615
40.000000	-0.371644
41.000000	-0.395453
42.000000	-0.391274
43.000000	-0.403116
44.000000	-0.374620
45.000000	-0.356256
46.000000	-0.382472
47.000000	-0.378799
48.000000	-0.373987
49.000000	-0.347264
50.000000	-0.325925
51.000000	-0.331244
52.000000	-0.334220
53.000000	-0.330104
54.000000	-0.311677
55.000000	-0.347898
56.000000	-0.365755
57.000000	-0.363918
58.000000	-0.368668
59.000000	-0.361006
60.000000	-0.359802
61.000000	-0.331244
62.000000	-0.365185
63.000000	-0.368161
64.000000	-0.359296
65.000000	-0.393680
66.000000	-0.371074
67.000000	-0.356826
68.000000	-0.344288
69.000000	-0.316933
70.000000	-0.298632
71.000000	-0.311107
72.000000	-0.350811
73.000000	-0.362145
74.000000	-0.346695
75.000000	-0.360372
76.000000	-0.334157
77.000000	-0.348531
78.000000	-0.320605
79.000000	-0.297302
80.000000	-0.321682
81.000000	-0.318769
82.000000	-0.372847
83.000000	-0.398366
84.000000	-0.391907
85.000000	-0.388361
86.000000	-0.390767
87.000000	-0.369301
88.000000	-0.375887
89.000000	-0.378926
90.000000	-0.381839
91.000000	-0.368098
92.000000	-0.367465
93.000000	-0.373987
94.000000	-0.331244
95.000000	-0.324088
96.000000	-0.324151
97.000000	-0.350874
98.000000	-0.333650
99.000000	-0.328331
100.000000	-0.328901
101.000000	-0.296796
102.000000	-0.289070
103.000000	-0.296226
104.000000	-0.321745
105.000000	-0.290843
106.000000	-0.311044
107.000000	-0.295656
108.000000	-0.309904
109.000000	-0.310474
110.000000	-0.267097
111.000000	-0.273050
112.000000	-0.273050
113.000000	-0.273050
114.000000	-0.296226
115.000000	-0.299772
116.000000	-0.297429
117.000000	-0.326494
118.000000	-0.355053
119.000000	-0.344415
120.000000	-0.355053
121.000000	-0.320605
122.000000	-0.321809
123.000000	-0.301545
124.000000	-0.285524
125.000000	-0.289134
126.000000	-0.299202
127.000000	-0.332510
128.000000	-0.370504
129.000000	-0.347264
130.000000	-0.347328
131.000000	-0.353850
132.000000	-0.355623
133.000000	-0.351444
134.000000	-0.343148
135.000000	-0.339602
136.000000	-0.345491
137.000000	-0.319972
138.000000	-0.358536
139.000000	-0.373417
140.000000	-0.372277
141.000000	-0.361575
142.000000	-0.387728
143.000000	-0.390767
144.000000	-0.385385
145.000000	-0.346125
146.000000	-0.347898
147.000000	-0.351444
148.000000	-0.334853
149.000000	-0.353913
150.000000	-0.321239
151.000000	-0.338463
152.000000	-0.290337
153.000000	-0.281345
154.000000	-0.283688
155.000000	-0.284321
156.000000	-0.286158
157.000000	-0.287867
158.000000	-0.294390
159.000000	-0.308701
160.000000	-0.324151
161.000000	-0.349101
162.000000	-0.347328
163.000000	-0.331877
164.000000	-0.344288
165.000000	-0.337196
166.000000	-0.319339
167.000000	-0.337196
168.000000	-0.315856
169.000000	-0.357459
170.000000	-0.339539
171.000000	-0.340742
172.000000	-0.345048
173.000000	-0.349734
174.000000	-0.385385
175.000000	-0.371644
176.000000	-0.388868
177.000000	-0.370441
178.000000	-0.388298
179.000000	-0.372277
180.000000	-0.394820
181.000000	-0.379939
182.000000	-0.388931
183.000000	-0.362145
184.000000	-0.384182
185.000000	-0.363982
186.000000	-0.388298
187.000000	-0.377660
188.000000	-0.374113
189.000000	-0.365755
190.000000	-0.350241
191.000000	-0.337766
192.000000	-0.328901
193.000000	-0.346061
194.000000	-0.357396
195.000000	-0.327698
196.000000	-0.346125
197.000000	-0.349671
198.000000	-0.366325
199.000000	-0.378229
200.000000	-0.351444
201.000000	-0.374620
202.000000	-0.399506
203.000000	-0.362145
204.000000	-0.382979
205.000000	-0.362715
206.000000	-0.384119
207.000000	-0.438197
208.000000	-0.382979
209.000000	-0.370504
210.000000	-0.335423
211.000000	-0.322378
212.000000	-0.338399
213.000000	-0.339602
214.000000	-0.346758
215.000000	-0.349734
216.000000	-0.342579
217.000000	-0.343845
218.000000	-0.327698
219.000000	-0.347961
220.000000	-0.363412
221.000000	-0.374683
222.000000	-0.371707
223.000000	-0.376456
224.000000	-0.357459
225.000000	-0.343782
226.000000	-0.365755
227.000000	-0.379939
228.000000	-0.366895
229.000000	-0.386588
230.000000	-0.383549
231.000000	-0.358029
232.000000	-0.384688
233.000000	-0.388298
234.000000	-0.387728
235.000000	-0.373480
236.000000	-0.397226
237.000000	-0.384688
238.000000	-0.393617
239.000000	-0.391274
240.000000	-0.388298
241.000000	-0.394883
242.000000	-0.412107
243.000000	-0.369934
244.000000	-0.378229
245.000000	-0.346125
246.000000	-0.368668
247.000000	-0.426925
248.000000	-0.385955
249.000000	-0.410271
250.000000	-0.377596
251.000000	-0.363982
252.000000	-0.326558
253.000000	-0.316996
254.000000	-0.311740
255.000000	-0.308701
256.000000	-0.307561
257.000000	-0.296796
258.000000	-0.290907
259.000000	-0.309271
260.000000	-0.297429
261.000000	-0.303951
262.000000	-0.277229
263.000000	-0.290843
264.000000	-0.312817
265.000000	-0.317629
266.000000	-0.310537
267.000000	-0.309271
268.000000	-0.321745
269.000000	-0.326494
270.000000	-0.342009
271.000000	-0.328331
272.000000	-0.341945
273.000000	-0.335423
274.000000	-0.324721
275.000000	-0.340236
276.000000	-0.290274
277.000000	-0.283815
278.000000	-0.299835
279.000000	-0.296289
280.000000	-0.302748
281.000000	-0.328901
282.000000	-0.301545
283.000000	-0.322378
284.000000	-0.360372
285.000000	-0.360942
286.000000	-0.388298
287.000000	-0.369934
288.000000	-0.403116
289.000000	-0.427495
290.000000	-0.396593
291.000000	-0.378229
292.000000	-0.363982
293.000000	-0.383612
294.000000	-0.360372
295.000000	-0.373417
296.000000	-0.352647
297.000000	-0.368668
298.000000	-0.345491
299.000000	-0.365691
300.000000	-0.364488
301.000000	-0.400773
302.000000	-0.357396
303.000000	-0.354420
304.000000	-0.365755
305.000000	-0.355560
306.000000	-0.363349
307.000000	-0.344985
308.000000	-0.344288
309.000000	-0.324721
310.000000	-0.299202
311.000000	-0.330104
312.000000	-0.353850
313.000000	-0.340805
314.000000	-0.339032
315.000000	-0.305724
316.000000	-0.307497
317.000000	-0.299139
318.000000	-0.346758
319.000000	-0.327128
320.000000	-0.319909
321.000000	-0.309334
322.000000	-0.312880
323.000000	-0.318769
324.000000	-0.290274
325.000000	-0.297999
326.000000	-0.300342
327.000000	-0.300912
328.000000	-0.310474
329.000000	-0.293250
330.000000	-0.305091
331.000000	-0.290780
332.000000	-0.290274
333.000000	-0.280205
334.000000	-0.269504
335.000000	-0.260575
336.000000	-0.279635
337.000000	-0.300975
338.000000	-0.298632
339.000000	-0.290907
340.000000	-0.275393
341.000000	-0.280205
342.000000	-0.300975
343.000000	-0.319972
344.000000	-0.314653
345.000000	-0.298632
346.000000	-0.306991
347.000000	-0.298062
348.000000	-0.324721
349.000000	-0.331877
350.000000	-0.342579
351.000000	-0.330041
352.000000	-0.325291
353.000000	-0.329534
354.000000	-0.341945
355.000000	-0.361006
356.000000	-0.369301
357.000000	-0.362145
358.000000	-0.372277
359.000000	-0.369871
360.000000	-0.341375
361.000000	-0.325355
362.000000	-0.321745
363.000000	-0.332447
364.000000	-0.350874
365.000000	-0.333650
366.000000	-0.312247
367.000000	-0.301545
368.000000	-0.299139
369.000000	-0.296796
370.000000	-0.315223
371.000000	-0.357459
372.000000	-0.330674
373.000000	-0.293820
374.000000	-0.299202
375.000000	-0.284954
376.000000	-0.266527
377.000000	-0.272480
378.000000	-0.290274
379.000000	-0.326494
380.000000	-0.312247
381.000000	-0.295593
382.000000	-0.311044
383.000000	-0.294959
384.000000	-0.294326
385.000000	-0.294390
386.000000	-0.309840
387.000000	-0.317566
388.000000	-0.295656
389.000000	-0.296226
390.000000	-0.289134
391.000000	-0.281915
392.000000	-0.287867
393.000000	-0.276026
394.000000	-0.265324
395.000000	-0.268934
396.000000	-0.253419
397.000000	-0.268300
398.000000	-0.273620
399.000000	-0.280142
400.000000	-0.298569
401.000000	-0.313450
402.000000	-0.300405
403.000000	-0.307561
404.000000	-0.306928
405.000000	-0.317629
406.000000	-0.285524
407.000000	-0.309334
408.000000	-0.341945
409.000000	-0.335423
410.000000	-0.314653
411.000000	-0.310537
412.000000	-0.297429
413.000000	-0.316363
414.000000	-0.306294
415.000000	-0.309271
416.000000	-0.313450
417.000000	-0.325291
418.000000	-0.298632
419.000000	-0.278305
420.000000	-0.283688
421.000000	-0.311740
422.000000	-0.327698
423.000000	-0.336563
424.000000	-0.334220
425.000000	-0.353280
426.000000	-0.344352
427.000000	-0.353850
428.000000	-0.368098
429.000000	-0.346695
430.000000	-0.353913
431.000000	-0.323518
432.000000	-0.304521
433.000000	-0.295593
434.000000	-0.293250
435.000000	-0.297936
436.000000	-0.305724
437.000000	-0.311677
438.000000	-0.321175
439.000000	-0.318832
440.000000	-0.305724
441.000000	-0.299139
442.000000	-0.298569
443.000000	-0.299139
444.000000	-0.330041
445.000000	-0.307497
446.000000	-0.300975
447.000000	-0.290274
448.000000	-0.300342
449.000000	-0.295593
450.000000	-0.278369
451.000000	-0.305661
452.000000	-0.273050
453.000000	-0.260575
454.000000	-0.281978
455.000000	-0.297366
456.000000	-0.274823
457.000000	-0.270073
458.000000	-0.275456
459.000000	-0.275456
460.000000	-0.276026
461.000000	-0.311677
462.000000	-0.321745
463.000000	-0.352710
464.000000	-0.344352
465.000000	-0.340172
466.000000	-0.289640
467.000000	-0.287867
468.000000	-0.299772
469.000000	-0.328267
470.000000	-0.290274
471.000000	-0.310474
472.000000	-0.306864
473.000000	-0.319909
474.000000	-0.341375
475.000000	-0.360372
476.000000	-0.385385
477.000000	-0.390767
478.000000	-0.396087
479.000000	-0.387791
480.000000	-0.371707
481.000000	-0.380636
482.000000	-0.371644
483.000000	-0.388931
484.000000	-0.396087
485.000000	-0.371644
486.000000	-0.351507
487.000000	-0.363349
488.000000	-0.330041
489.000000	-0.359802
490.000000	-0.359739
491.000000	-0.372847
492.000000	-0.349101
493.000000	-0.363285
494.000000	-0.369807
495.000000	-0.351507
496.000000	-0.364552
497.000000	-0.334853
498.000000	-0.324721
499.000000	-0.348468
500.000000	-0.368098
501.000000	-0.362779
