1.000000	-0.025965
2.000000	-0.406311
3.000000	-0.532490
4.000000	-0.595022
5.000000	-0.592463
6.000000	-0.622162
7.000000	-0.627977
8.000000	-0.627855
9.000000	-0.631319
10.000000	-0.637795
11.000000	-0.625296
12.000000	-0.605868
13.000000	-0.609210
14.000000	-0.629421
15.000000	-0.564992
16.000000	-0.551709
17.000000	-0.548245
18.000000	-0.567342
19.000000	-0.551256
20.000000	-0.569118
21.000000	-0.564992
22.000000	-0.591349
23.000000	-0.600836
24.000000	-0.627193
25.000000	-0.581408
26.000000	-0.602073
27.000000	-0.586440
28.000000	-0.588668
29.000000	-0.611891
30.000000	-0.580625
31.000000	-0.582853
32.000000	-0.588998
33.000000	-0.576377
34.000000	-0.547131
35.000000	-0.547131
36.000000	-0.536076
37.000000	-0.562433
38.000000	-0.586440
39.000000	-0.587432
40.000000	-0.592132
41.000000	-0.607312
42.000000	-0.601620
43.000000	-0.621501
44.000000	-0.589451
45.000000	-0.585203
46.000000	-0.607974
47.000000	-0.604301
48.000000	-0.598277
49.000000	-0.578066
50.000000	-0.558185
51.000000	-0.547914
52.000000	-0.554390
53.000000	-0.563878
54.000000	-0.567342
55.000000	-0.592132
56.000000	-0.594360
57.000000	-0.599392
58.000000	-0.594813
59.000000	-0.589782
60.000000	-0.585987
61.000000	-0.579963
62.000000	-0.613788
63.000000	-0.611107
64.000000	-0.597703
65.000000	-0.613788
66.000000	-0.602403
67.000000	-0.579511
68.000000	-0.571590
69.000000	-0.555626
70.000000	-0.539088
71.000000	-0.554721
72.000000	-0.578849
73.000000	-0.592132
74.000000	-0.570023
75.000000	-0.580294
76.000000	-0.580416
77.000000	-0.578727
78.000000	-0.559299
79.000000	-0.546139
80.000000	-0.546469
81.000000	-0.536859
82.000000	-0.586770
83.000000	-0.621501
84.000000	-0.629421
85.000000	-0.619481
86.000000	-0.613336
87.000000	-0.581408
88.000000	-0.590112
89.000000	-0.607190
90.000000	-0.603065
91.000000	-0.600506
92.000000	-0.591018
93.000000	-0.589120
94.000000	-0.552492
95.000000	-0.563216
96.000000	-0.560083
97.000000	-0.584873
98.000000	-0.560083
99.000000	-0.556618
100.000000	-0.550926
101.000000	-0.521226
102.000000	-0.514750
103.000000	-0.517762
104.000000	-0.547914
105.000000	-0.522010
106.000000	-0.539540
107.000000	-0.528033
108.000000	-0.528033
109.000000	-0.531498
110.000000	-0.503696
111.000000	-0.498334
112.000000	-0.489177
113.000000	-0.507491
114.000000	-0.531498
115.000000	-0.532281
116.000000	-0.544450
117.000000	-0.552492
118.000000	-0.572251
119.000000	-0.579058
120.000000	-0.572251
121.000000	-0.554721
122.000000	-0.558516
123.000000	-0.553276
124.000000	-0.536859
125.000000	-0.529931
126.000000	-0.542552
127.000000	-0.562311
128.000000	-0.585203
129.000000	-0.568909
130.000000	-0.579511
131.000000	-0.582192
132.000000	-0.598608
133.000000	-0.583759
134.000000	-0.573818
135.000000	-0.554721
136.000000	-0.566228
137.000000	-0.549812
138.000000	-0.594482
139.000000	-0.599392
140.000000	-0.597041
141.000000	-0.584089
142.000000	-0.609993
143.000000	-0.604179
144.000000	-0.599269
145.000000	-0.571137
146.000000	-0.578397
147.000000	-0.579180
148.000000	-0.550142
149.000000	-0.569901
150.000000	-0.559630
151.000000	-0.556949
152.000000	-0.533726
153.000000	-0.535745
154.000000	-0.528155
155.000000	-0.514750
156.000000	-0.532612
157.000000	-0.524691
158.000000	-0.522793
159.000000	-0.542552
160.000000	-0.564661
161.000000	-0.554721
162.000000	-0.556618
163.000000	-0.557402
164.000000	-0.576168
165.000000	-0.560866
166.000000	-0.549481
167.000000	-0.551709
168.000000	-0.545564
169.000000	-0.579841
170.000000	-0.589904
171.000000	-0.561649
172.000000	-0.561075
173.000000	-0.587101
174.000000	-0.603848
175.000000	-0.615025
176.000000	-0.612344
177.000000	-0.615808
178.000000	-0.618036
179.000000	-0.633669
180.000000	-0.643610
181.000000	-0.643279
182.000000	-0.641259
183.000000	-0.615025
184.000000	-0.613788
185.000000	-0.600836
186.000000	-0.599722
187.000000	-0.601950
188.000000	-0.601167
189.000000	-0.580625
190.000000	-0.584542
191.000000	-0.573487
192.000000	-0.564661
193.000000	-0.583428
194.000000	-0.592132
195.000000	-0.560866
196.000000	-0.575716
197.000000	-0.581078
198.000000	-0.579511
199.000000	-0.591679
200.000000	-0.588337
201.000000	-0.612344
202.000000	-0.619272
203.000000	-0.582975
204.000000	-0.587101
205.000000	-0.604753
206.000000	-0.616922
207.000000	-0.648519
208.000000	-0.591679
209.000000	-0.576046
210.000000	-0.571921
211.000000	-0.561980
212.000000	-0.550926
213.000000	-0.568456
214.000000	-0.571468
215.000000	-0.564208
216.000000	-0.574932
217.000000	-0.557280
218.000000	-0.560866
219.000000	-0.584420
220.000000	-0.597372
221.000000	-0.609210
222.000000	-0.607312
223.000000	-0.602734
224.000000	-0.588998
225.000000	-0.564992
226.000000	-0.585203
227.000000	-0.611230
228.000000	-0.605868
229.000000	-0.598486
230.000000	-0.622615
231.000000	-0.610777
232.000000	-0.606651
233.000000	-0.613458
234.000000	-0.628307
235.000000	-0.614572
236.000000	-0.637464
237.000000	-0.624965
238.000000	-0.621501
239.000000	-0.629091
240.000000	-0.622615
241.000000	-0.617583
242.000000	-0.624060
243.000000	-0.586317
244.000000	-0.605415
245.000000	-0.580294
246.000000	-0.608549
247.000000	-0.659573
248.000000	-0.634783
249.000000	-0.642826
250.000000	-0.614241
251.000000	-0.591679
252.000000	-0.553937
253.000000	-0.538757
254.000000	-0.523002
255.000000	-0.537974
256.000000	-0.535623
257.000000	-0.521226
258.000000	-0.518876
259.000000	-0.536859
260.000000	-0.535293
261.000000	-0.542552
262.000000	-0.508605
263.000000	-0.512853
264.000000	-0.542221
265.000000	-0.529931
266.000000	-0.528364
267.000000	-0.555173
268.000000	-0.561649
269.000000	-0.557071
270.000000	-0.566889
271.000000	-0.561197
272.000000	-0.570023
273.000000	-0.562764
274.000000	-0.554390
275.000000	-0.559630
276.000000	-0.527702
277.000000	-0.521888
278.000000	-0.533726
279.000000	-0.519207
280.000000	-0.538757
281.000000	-0.555504
282.000000	-0.539540
283.000000	-0.548245
284.000000	-0.580294
285.000000	-0.583759
286.000000	-0.599722
287.000000	-0.590896
288.000000	-0.616922
289.000000	-0.649302
290.000000	-0.618820
291.000000	-0.623729
292.000000	-0.642043
293.000000	-0.642373
294.000000	-0.603187
295.000000	-0.613127
296.000000	-0.582975
297.000000	-0.603970
298.000000	-0.575385
299.000000	-0.583759
300.000000	-0.584542
301.000000	-0.610777
302.000000	-0.582975
303.000000	-0.585656
304.000000	-0.589782
305.000000	-0.592585
306.000000	-0.591349
307.000000	-0.564208
308.000000	-0.576168
309.000000	-0.540655
310.000000	-0.519660
311.000000	-0.563878
312.000000	-0.591349
313.000000	-0.563094
314.000000	-0.564992
315.000000	-0.549812
316.000000	-0.529600
317.000000	-0.522793
318.000000	-0.562311
319.000000	-0.543666
320.000000	-0.539210
321.000000	-0.552040
322.000000	-0.548245
323.000000	-0.546016
324.000000	-0.527702
325.000000	-0.520443
326.000000	-0.531167
327.000000	-0.534631
328.000000	-0.531498
329.000000	-0.529600
330.000000	-0.531167
331.000000	-0.534301
332.000000	-0.532281
333.000000	-0.519660
334.000000	-0.520443
335.000000	-0.501015
336.000000	-0.534509
337.000000	-0.536076
338.000000	-0.529931
339.000000	-0.509719
340.000000	-0.509058
341.000000	-0.515081
342.000000	-0.531498
343.000000	-0.545233
344.000000	-0.546347
345.000000	-0.525352
346.000000	-0.523002
347.000000	-0.517309
348.000000	-0.549812
349.000000	-0.561980
350.000000	-0.570354
351.000000	-0.557854
352.000000	-0.562433
353.000000	-0.551256
354.000000	-0.579180
355.000000	-0.612674
356.000000	-0.590565
357.000000	-0.605868
358.000000	-0.601620
359.000000	-0.575716
360.000000	-0.561980
361.000000	-0.545564
362.000000	-0.547914
363.000000	-0.556288
364.000000	-0.557402
365.000000	-0.555504
366.000000	-0.538757
367.000000	-0.521226
368.000000	-0.536529
369.000000	-0.530383
370.000000	-0.540655
371.000000	-0.570684
372.000000	-0.553607
373.000000	-0.519329
374.000000	-0.519660
375.000000	-0.524238
376.000000	-0.504810
377.000000	-0.504027
378.000000	-0.523124
379.000000	-0.557071
380.000000	-0.538757
381.000000	-0.517431
382.000000	-0.530383
383.000000	-0.530836
384.000000	-0.530506
385.000000	-0.531950
386.000000	-0.540324
387.000000	-0.537643
388.000000	-0.523455
389.000000	-0.522341
390.000000	-0.507038
391.000000	-0.507160
392.000000	-0.510955
393.000000	-0.509388
394.000000	-0.496436
395.000000	-0.498665
396.000000	-0.498003
397.000000	-0.512069
398.000000	-0.510955
399.000000	-0.522793
400.000000	-0.537643
401.000000	-0.547131
402.000000	-0.523455
403.000000	-0.521888
404.000000	-0.526136
405.000000	-0.548245
406.000000	-0.527702
407.000000	-0.538304
408.000000	-0.565445
409.000000	-0.558185
410.000000	-0.537190
411.000000	-0.537521
412.000000	-0.526136
413.000000	-0.543005
414.000000	-0.525805
415.000000	-0.523124
416.000000	-0.528817
417.000000	-0.544119
418.000000	-0.520774
419.000000	-0.514089
420.000000	-0.523577
421.000000	-0.527580
422.000000	-0.542552
423.000000	-0.560535
424.000000	-0.554390
425.000000	-0.564992
426.000000	-0.559299
427.000000	-0.559299
428.000000	-0.586770
429.000000	-0.574602
430.000000	-0.569901
431.000000	-0.550595
432.000000	-0.555173
433.000000	-0.544902
434.000000	-0.538757
435.000000	-0.555626
436.000000	-0.540655
437.000000	-0.544450
438.000000	-0.544450
439.000000	-0.533726
440.000000	-0.522341
441.000000	-0.522793
442.000000	-0.523907
443.000000	-0.527372
444.000000	-0.562433
445.000000	-0.538757
446.000000	-0.517762
447.000000	-0.518545
448.000000	-0.526588
449.000000	-0.522010
450.000000	-0.520112
451.000000	-0.539210
452.000000	-0.502912
453.000000	-0.491858
454.000000	-0.504027
455.000000	-0.533848
456.000000	-0.510172
457.000000	-0.501015
458.000000	-0.496767
459.000000	-0.505924
460.000000	-0.509388
461.000000	-0.544450
462.000000	-0.543335
463.000000	-0.556949
464.000000	-0.559299
465.000000	-0.553607
466.000000	-0.518215
467.000000	-0.520112
468.000000	-0.532281
469.000000	-0.555173
470.000000	-0.527702
471.000000	-0.540655
472.000000	-0.533848
473.000000	-0.539210
474.000000	-0.580294
475.000000	-0.584873
476.000000	-0.603848
477.000000	-0.599600
478.000000	-0.625957
479.000000	-0.616017
480.000000	-0.607312
481.000000	-0.599269
482.000000	-0.601289
483.000000	-0.600053
484.000000	-0.616800
485.000000	-0.592132
486.000000	-0.566889
487.000000	-0.586770
488.000000	-0.562433
489.000000	-0.572251
490.000000	-0.579963
491.000000	-0.577613
492.000000	-0.573035
493.000000	-0.589904
494.000000	-0.610899
495.000000	-0.598939
496.000000	-0.604301
497.000000	-0.582192
498.000000	-0.577283
499.000000	-0.591018
500.000000	-0.595927
501.000000	-0.587884
	
	
	
	
	
	
	
	
	
	
	
	
	
	
	
	
	
	
	
	
	
	
	
	
	
	
	
	
	
	
	
	
	
	
	
	
	
	
	
	
	
	
	
	
	
	
	
	
	
	
	
	
	
	
	
	
	
	
	
	
	
	
	
	
	
	
	
	
	
	
	
	
	
	
	
	
	
	
	
	
	
	
	
	
	
	
	
	
	
	
	
	
	
	
	
	
	
	
	
	
	
	
	
	
	
	
	
	
	
	
	
	
	
	
	
	
	
	
	
	
	
	
	
	
	
	
	
	
	
	
	
	
	
	
	
	
	
	
	
	
	
	
	
	
	
	
	
	
	
	
	
	
	
	
	
	
	
	
	
	
	
	
	
	
	
	
	
	
	
	
	
	
	
	
	
	
	
	
	
	
	
	
	
	
	
	
	
	
	
	
	
	
	
	
	
	
	
	
	
	
	
	
	
	
	
	
	
	
	
	
	
	
	
	
	
	
	
	
	
	
	
	
	
	
	
	
	
	
	
	
	
	
	
	
	
	
	
	
	
	
	
	
	
	
	
	
	
	
	
	
	
	
	
	
	
	
	
	
	
	
	
	
	
	
	
	
	
	
	
	
	
	
	
	
	
	
	
	
	
	
	
	
	
	
	
	
	
	
	
	
	
	
	
	
	
	
	
	
	
	
	
	
	
	
	
	
	
	
	
	
	
	
	
	
	
	
	
	
	
	
	
	
	
	
	
	
	
	
	
	
	
	
	
	
	
	
	
	
	
	
	
	
	
	
	
	
	
	
	
	
	
	
	
	
	
	
	
	
	
	
	
	
	
	
	
	
	
	
	
	
	
	
	
	
	
	
	
	
	
	
	
	
	
	
	
	
	
	
	
	
	
	
	
	
	
	
	
	
	
	
	
	
	
	
	
	
	
	
	
	
	
	
	
	
	
	
	
	
	
	
	
	
	
	
	
	
	
	
	
	
	
	
	
	
	
	
	
	
	
	
	
	
	
	
	
	
	
	
	
	
	
	
	
	
	
	
	
	
	
	
	
	
	
	
	
	
	
	
	
	
	
	
	
	
	
	
	
	
	
	
	
	
	
	
	
	
	
	
	
	
	
	
	
	
	
	
	
	
	
