1.000000	-0.010668
2.000000	-0.025505
3.000000	-0.072376
4.000000	-0.117450
5.000000	-0.099040
6.000000	-0.083639
7.000000	-0.123343
8.000000	-0.106772
9.000000	-0.112101
10.000000	-0.124555
11.000000	-0.116823
12.000000	-0.131639
13.000000	-0.134627
14.000000	-0.113877
15.000000	-0.132245
16.000000	-0.116217
17.000000	-0.106145
18.000000	-0.104954
19.000000	-0.113271
20.000000	-0.096094
21.000000	-0.089553
22.000000	-0.099625
23.000000	-0.086001
24.000000	-0.105560
25.000000	-0.105560
26.000000	-0.087756
27.000000	-0.070558
28.000000	-0.116823
29.000000	-0.107942
30.000000	-0.111495
31.000000	-0.115068
32.000000	-0.117429
33.000000	-0.097870
34.000000	-0.083012
35.000000	-0.097243
36.000000	-0.094276
37.000000	-0.104348
38.000000	-0.117993
39.000000	-0.115068
40.000000	-0.122152
41.000000	-0.126917
42.000000	-0.118014
43.000000	-0.110889
44.000000	-0.110889
45.000000	-0.102008
46.000000	-0.113898
47.000000	-0.110304
48.000000	-0.119770
49.000000	-0.107315
50.000000	-0.104954
51.000000	-0.105539
52.000000	-0.094276
53.000000	-0.099625
54.000000	-0.114441
55.000000	-0.103178
56.000000	-0.125725
57.000000	-0.109697
58.000000	-0.114441
59.000000	-0.116238
60.000000	-0.119791
61.000000	-0.110282
62.000000	-0.129884
63.000000	-0.137595
64.000000	-0.119227
65.000000	-0.091935
66.000000	-0.093106
67.000000	-0.107336
68.000000	-0.109091
69.000000	-0.100774
70.000000	-0.129863
71.000000	-0.123343
72.000000	-0.115611
73.000000	-0.112665
74.000000	-0.083012
75.000000	-0.115632
76.000000	-0.127459
77.000000	-0.094297
78.000000	-0.104369
79.000000	-0.090681
80.000000	-0.086544
81.000000	-0.088341
82.000000	-0.094882
83.000000	-0.096658
84.000000	-0.090159
85.000000	-0.096094
86.000000	-0.107963
87.000000	-0.115047
88.000000	-0.107357
89.000000	-0.119833
90.000000	-0.108548
91.000000	-0.109112
92.000000	-0.099019
93.000000	-0.110282
94.000000	-0.091308
95.000000	-0.117387
96.000000	-0.112665
97.000000	-0.115632
98.000000	-0.112665
99.000000	-0.097849
100.000000	-0.088947
101.000000	-0.075886
102.000000	-0.068175
103.000000	-0.065814
104.000000	-0.081821
105.000000	-0.069952
106.000000	-0.085374
107.000000	-0.093691
108.000000	-0.093691
109.000000	-0.103763
110.000000	-0.093669
111.000000	-0.075886
112.000000	-0.075886
113.000000	-0.075886
114.000000	-0.089532
115.000000	-0.083597
116.000000	-0.104954
117.000000	-0.134000
118.000000	-0.119791
119.000000	-0.113877
120.000000	-0.124534
121.000000	-0.118599
122.000000	-0.129278
123.000000	-0.109091
124.000000	-0.078854
125.000000	-0.091914
126.000000	-0.087756
127.000000	-0.097264
128.000000	-0.097264
129.000000	-0.088341
130.000000	-0.107336
131.000000	-0.099625
132.000000	-0.082427
133.000000	-0.092499
134.000000	-0.093691
135.000000	-0.085395
136.000000	-0.105539
137.000000	-0.094276
138.000000	-0.094861
139.000000	-0.109697
140.000000	-0.118014
141.000000	-0.126310
142.000000	-0.090744
143.000000	-0.117450
144.000000	-0.116844
145.000000	-0.129863
146.000000	-0.117408
147.000000	-0.092499
148.000000	-0.094882
149.000000	-0.090159
150.000000	-0.109718
151.000000	-0.103199
152.000000	-0.078875
153.000000	-0.069952
154.000000	-0.086544
155.000000	-0.082406
156.000000	-0.117408
157.000000	-0.100189
158.000000	-0.092478
159.000000	-0.111474
160.000000	-0.112665
161.000000	-0.123343
162.000000	-0.102593
163.000000	-0.115632
164.000000	-0.113835
165.000000	-0.101986
166.000000	-0.093669
167.000000	-0.111474
168.000000	-0.123343
169.000000	-0.126917
170.000000	-0.123322
171.000000	-0.124513
172.000000	-0.114483
173.000000	-0.123949
174.000000	-0.116844
175.000000	-0.107921
176.000000	-0.072940
177.000000	-0.101986
178.000000	-0.105560
179.000000	-0.113271
180.000000	-0.102593
181.000000	-0.125704
182.000000	-0.120397
183.000000	-0.131639
184.000000	-0.129884
185.000000	-0.114462
186.000000	-0.115047
187.000000	-0.113877
188.000000	-0.091350
189.000000	-0.097264
190.000000	-0.110282
191.000000	-0.093084
192.000000	-0.117408
193.000000	-0.120355
194.000000	-0.103178
195.000000	-0.106730
196.000000	-0.120376
197.000000	-0.114441
198.000000	-0.102593
199.000000	-0.086001
200.000000	-0.116217
201.000000	-0.144093
202.000000	-0.135776
203.000000	-0.117408
204.000000	-0.123949
205.000000	-0.132224
206.000000	-0.139350
207.000000	-0.112686
208.000000	-0.119206
209.000000	-0.116238
210.000000	-0.138159
211.000000	-0.139350
212.000000	-0.117408
213.000000	-0.094882
214.000000	-0.111495
215.000000	-0.119206
216.000000	-0.116823
217.000000	-0.103805
218.000000	-0.106730
219.000000	-0.107942
220.000000	-0.099646
221.000000	-0.115653
222.000000	-0.117429
223.000000	-0.088968
224.000000	-0.098455
225.000000	-0.080066
226.000000	-0.111495
227.000000	-0.106730
228.000000	-0.107921
229.000000	-0.113292
230.000000	-0.129278
231.000000	-0.136989
232.000000	-0.111474
233.000000	-0.119791
234.000000	-0.133436
235.000000	-0.147667
236.000000	-0.123949
237.000000	-0.116217
238.000000	-0.110889
239.000000	-0.118014
240.000000	-0.119791
241.000000	-0.116844
242.000000	-0.115068
243.000000	-0.134627
244.000000	-0.119206
245.000000	-0.115632
246.000000	-0.114441
247.000000	-0.110910
248.000000	-0.126917
249.000000	-0.113271
250.000000	-0.123343
251.000000	-0.090744
252.000000	-0.086586
253.000000	-0.096052
254.000000	-0.109718
255.000000	-0.125704
256.000000	-0.105560
257.000000	-0.099604
258.000000	-0.093691
259.000000	-0.074110
260.000000	-0.090723
261.000000	-0.092499
262.000000	-0.075301
263.000000	-0.074695
264.000000	-0.101380
265.000000	-0.077684
266.000000	-0.084810
267.000000	-0.112059
268.000000	-0.119770
269.000000	-0.119770
270.000000	-0.116238
271.000000	-0.093106
272.000000	-0.111474
273.000000	-0.123928
274.000000	-0.113250
275.000000	-0.095488
276.000000	-0.097828
277.000000	-0.091329
278.000000	-0.097849
279.000000	-0.099040
280.000000	-0.091308
281.000000	-0.093691
282.000000	-0.113835
283.000000	-0.106145
284.000000	-0.106145
285.000000	-0.083012
286.000000	-0.115047
287.000000	-0.115653
288.000000	-0.106145
289.000000	-0.116238
290.000000	-0.118599
291.000000	-0.142923
292.000000	-0.166641
293.000000	-0.138786
294.000000	-0.134606
295.000000	-0.119185
296.000000	-0.112665
297.000000	-0.081236
298.000000	-0.096052
299.000000	-0.087756
300.000000	-0.086565
301.000000	-0.094297
302.000000	-0.122152
303.000000	-0.133415
304.000000	-0.092520
305.000000	-0.106124
306.000000	-0.118599
307.000000	-0.095488
308.000000	-0.137553
309.000000	-0.103763
310.000000	-0.092499
311.000000	-0.118599
312.000000	-0.118599
313.000000	-0.105560
314.000000	-0.122758
315.000000	-0.122737
316.000000	-0.100795
317.000000	-0.078248
318.000000	-0.111495
319.000000	-0.091914
320.000000	-0.089511
321.000000	-0.088362
322.000000	-0.115632
323.000000	-0.093084
324.000000	-0.088341
325.000000	-0.091308
326.000000	-0.098413
327.000000	-0.080024
328.000000	-0.084788
329.000000	-0.096052
330.000000	-0.093669
331.000000	-0.084161
332.000000	-0.097828
333.000000	-0.087756
334.000000	-0.091308
335.000000	-0.082406
336.000000	-0.106145
337.000000	-0.099019
338.000000	-0.096658
339.000000	-0.079460
340.000000	-0.087735
341.000000	-0.078269
342.000000	-0.080045
343.000000	-0.094276
344.000000	-0.098434
345.000000	-0.091914
346.000000	-0.086001
347.000000	-0.072355
348.000000	-0.108506
349.000000	-0.115632
350.000000	-0.097849
351.000000	-0.113835
352.000000	-0.099604
353.000000	-0.094297
354.000000	-0.101986
355.000000	-0.116238
356.000000	-0.100816
357.000000	-0.122152
358.000000	-0.122758
359.000000	-0.106145
360.000000	-0.087171
361.000000	-0.071164
362.000000	-0.086565
363.000000	-0.101986
364.000000	-0.101401
365.000000	-0.107921
366.000000	-0.105539
367.000000	-0.094861
368.000000	-0.087735
369.000000	-0.085374
370.000000	-0.103763
371.000000	-0.112686
372.000000	-0.085980
373.000000	-0.087150
374.000000	-0.097243
375.000000	-0.101986
376.000000	-0.069367
377.000000	-0.065814
378.000000	-0.083597
379.000000	-0.100795
380.000000	-0.072334
381.000000	-0.065208
382.000000	-0.085374
383.000000	-0.069346
384.000000	-0.078227
385.000000	-0.097222
386.000000	-0.112644
387.000000	-0.101380
388.000000	-0.088947
389.000000	-0.080045
390.000000	-0.063453
391.000000	-0.070537
392.000000	-0.076471
393.000000	-0.083597
394.000000	-0.077663
395.000000	-0.076493
396.000000	-0.075280
397.000000	-0.085374
398.000000	-0.062241
399.000000	-0.068761
400.000000	-0.063432
401.000000	-0.083012
402.000000	-0.093691
403.000000	-0.081842
404.000000	-0.100210
405.000000	-0.110889
406.000000	-0.093084
407.000000	-0.097849
408.000000	-0.111474
409.000000	-0.109697
410.000000	-0.112665
411.000000	-0.122758
412.000000	-0.085980
413.000000	-0.066984
414.000000	-0.104348
415.000000	-0.083597
416.000000	-0.087756
417.000000	-0.080630
418.000000	-0.072940
419.000000	-0.071707
420.000000	-0.077056
421.000000	-0.081257
422.000000	-0.064038
423.000000	-0.091893
424.000000	-0.108506
425.000000	-0.089553
426.000000	-0.118599
427.000000	-0.099625
428.000000	-0.090138
429.000000	-0.116217
430.000000	-0.113877
431.000000	-0.088341
432.000000	-0.116802
433.000000	-0.117387
434.000000	-0.100795
435.000000	-0.072313
436.000000	-0.103763
437.000000	-0.123928
438.000000	-0.114441
439.000000	-0.107336
440.000000	-0.099019
441.000000	-0.111453
442.000000	-0.077663
443.000000	-0.087735
444.000000	-0.090117
445.000000	-0.091308
446.000000	-0.084788
447.000000	-0.078854
448.000000	-0.069952
449.000000	-0.060465
450.000000	-0.085959
451.000000	-0.094254
452.000000	-0.071143
453.000000	-0.063432
454.000000	-0.075301
455.000000	-0.100189
456.000000	-0.087150
457.000000	-0.082406
458.000000	-0.083012
459.000000	-0.087756
460.000000	-0.083597
461.000000	-0.085980
462.000000	-0.081821
463.000000	-0.107942
464.000000	-0.109112
465.000000	-0.067005
466.000000	-0.073504
467.000000	-0.076471
468.000000	-0.088341
469.000000	-0.126289
470.000000	-0.112059
471.000000	-0.089532
472.000000	-0.085959
473.000000	-0.094254
474.000000	-0.106145
475.000000	-0.115632
476.000000	-0.102614
477.000000	-0.117450
478.000000	-0.127523
479.000000	-0.138201
480.000000	-0.131660
481.000000	-0.116844
482.000000	-0.117408
483.000000	-0.106166
484.000000	-0.122779
485.000000	-0.131639
486.000000	-0.097264
487.000000	-0.104369
488.000000	-0.094861
489.000000	-0.091329
490.000000	-0.115026
491.000000	-0.113856
492.000000	-0.109112
493.000000	-0.094861
494.000000	-0.101380
495.000000	-0.130469
496.000000	-0.157739
497.000000	-0.142317
498.000000	-0.122737
499.000000	-0.127480
500.000000	-0.104369
501.000000	-0.089553
	
	
	
	
	
	
	
	
	
	
	
	
	
	
	
	
	
	
	
	
	
	
	
	
	
	
	
	
	
	
	
	
	
	
	
	
	
	
	
	
	
	
	
	
	
	
	
	
	
	
	
	
	
	
	
	
	
	
	
	
	
	
	
	
	
	
	
	
	
	
	
	
	
	
	
	
	
	
	
	
	
	
	
	
	
	
	
	
	
	
	
	
	
	
	
	
	
	
	
	
	
	
	
	
	
	
	
	
	
	
	
	
	
	
	
	
	
	
	
	
	
	
	
	
	
	
	
	
	
	
	
	
	
	
	
	
	
	
	
	
	
	
	
	
	
	
	
	
	
	
	
	
	
	
	
	
	
	
	
	
	
	
	
	
	
	
	
	
	
	
	
	
	
	
	
	
	
	
	
	
	
	
	
	
	
	
	
	
	
	
	
	
	
	
	
	
	
	
	
	
	
	
	
	
	
	
	
	
	
	
	
	
	
	
	
	
	
	
	
	
	
	
	
	
	
	
	
	
	
	
	
	
	
	
	
	
	
	
	
	
	
	
	
	
	
	
	
	
	
	
	
	
	
	
	
	
	
	
	
	
	
	
	
	
	
	
	
	
	
	
	
	
	
	
	
	
	
	
	
	
	
	
	
	
	
	
	
	
	
	
	
	
	
	
	
	
	
	
	
	
	
	
	
	
	
	
	
	
	
	
	
	
	
	
	
	
	
	
	
	
	
	
	
	
	
	
	
	
	
	
	
	
	
	
	
	
	
	
	
	
	
	
	
	
	
	
	
	
	
	
	
	
	
	
	
	
	
	
	
	
	
	
	
	
	
	
	
	
	
	
	
	
	
	
	
	
	
	
	
	
	
	
	
	
	
	
	
	
	
	
	
	
	
	
	
	
	
	
	
	
	
	
	
	
	
	
	
	
	
	
	
	
	
	
	
	
	
	
	
	
	
	
	
	
	
	
	
	
	
	
	
	
	
	
	
	
	
	
	
	
	
	
	
	
	
	
	
	
	
	
	
	
	
	
	
	
	
	
	
	
	
	
	
	
	
	
	
	
	
	
	
	
	
	
	
	
	
	
	
	
	
	
	
	
	
	
	
	
	
	
	
	
	
	
	
	
	
	
 
