1.000000	0.117728
2.000000	0.178032
3.000000	0.218542
4.000000	0.354294
5.000000	0.496889
6.000000	0.588337
7.000000	0.612674
8.000000	0.637012
9.000000	0.610777
10.000000	0.638578
11.000000	0.640929
12.000000	0.633669
13.000000	0.611107
14.000000	0.617583
15.000000	0.595474
16.000000	0.574149
17.000000	0.568456
18.000000	0.567673
19.000000	0.584089
20.000000	0.590896
21.000000	0.583759
22.000000	0.575716
23.000000	0.577160
24.000000	0.603970
25.000000	0.606982
26.000000	0.614119
27.000000	0.589782
28.000000	0.634453
29.000000	0.613788
30.000000	0.626079
31.000000	0.595474
32.000000	0.590896
33.000000	0.586648
34.000000	0.598939
35.000000	0.573696
36.000000	0.577613
37.000000	0.554721
38.000000	0.556949
39.000000	0.565322
40.000000	0.544780
41.000000	0.557402
42.000000	0.574932
43.000000	0.606320
44.000000	0.616922
45.000000	0.607765
46.000000	0.603848
47.000000	0.589451
48.000000	0.592916
49.000000	0.581408
50.000000	0.574602
51.000000	0.575263
52.000000	0.601950
53.000000	0.588998
54.000000	0.599269
55.000000	0.616469
56.000000	0.607312
57.000000	0.643940
58.000000	0.650869
59.000000	0.622945
60.000000	0.610324
61.000000	0.610777
62.000000	0.598155
63.000000	0.624060
64.000000	0.607643
65.000000	0.596919
66.000000	0.594813
67.000000	0.588668
68.000000	0.564330
69.000000	0.559299
70.000000	0.567220
71.000000	0.560413
72.000000	0.582644
73.000000	0.574602
74.000000	0.588668
75.000000	0.587554
76.000000	0.593699
77.000000	0.596711
78.000000	0.566559
79.000000	0.575716
80.000000	0.542883
81.000000	0.557732
82.000000	0.577160
83.000000	0.611107
84.000000	0.601950
85.000000	0.605746
86.000000	0.590112
87.000000	0.576830
88.000000	0.565775
89.000000	0.583184
90.000000	0.583967
91.000000	0.592010
92.000000	0.587554
93.000000	0.578727
94.000000	0.561980
95.000000	0.566559
96.000000	0.557402
97.000000	0.563547
98.000000	0.569240
99.000000	0.583636
100.000000	0.583306
101.000000	0.558185
102.000000	0.536737
103.000000	0.524691
104.000000	0.540655
105.000000	0.550926
106.000000	0.526919
107.000000	0.521679
108.000000	0.538757
109.000000	0.516195
110.000000	0.508605
111.000000	0.499448
112.000000	0.487279
113.000000	0.487279
114.000000	0.509719
115.000000	0.523907
116.000000	0.535745
117.000000	0.539088
118.000000	0.565322
119.000000	0.570684
120.000000	0.589782
121.000000	0.576046
122.000000	0.587884
123.000000	0.579963
124.000000	0.569240
125.000000	0.554721
126.000000	0.568456
127.000000	0.596380
128.000000	0.582853
129.000000	0.564208
130.000000	0.556618
131.000000	0.580625
132.000000	0.577944
133.000000	0.567342
134.000000	0.555173
135.000000	0.538757
136.000000	0.533395
137.000000	0.543213
138.000000	0.567220
139.000000	0.570806
140.000000	0.594813
141.000000	0.563094
142.000000	0.581078
143.000000	0.571468
144.000000	0.567551
145.000000	0.549359
146.000000	0.525021
147.000000	0.546016
148.000000	0.531950
149.000000	0.555173
150.000000	0.560413
151.000000	0.543997
152.000000	0.542552
153.000000	0.561319
154.000000	0.547131
155.000000	0.558516
156.000000	0.572251
157.000000	0.600836
158.000000	0.621379
159.000000	0.619481
160.000000	0.609871
161.000000	0.579841
162.000000	0.598277
163.000000	0.567342
164.000000	0.579511
165.000000	0.610324
166.000000	0.606198
167.000000	0.591349
168.000000	0.585203
169.000000	0.588337
170.000000	0.611560
171.000000	0.597041
172.000000	0.591227
173.000000	0.577613
174.000000	0.578727
175.000000	0.563547
176.000000	0.571921
177.000000	0.547131
178.000000	0.523455
179.000000	0.534962
180.000000	0.540655
181.000000	0.541438
182.000000	0.551256
183.000000	0.568126
184.000000	0.543335
185.000000	0.528486
186.000000	0.549028
187.000000	0.563547
188.000000	0.575716
189.000000	0.571137
190.000000	0.576499
191.000000	0.564208
192.000000	0.531828
193.000000	0.547131
194.000000	0.572704
195.000000	0.557732
196.000000	0.560083
197.000000	0.584089
198.000000	0.564661
199.000000	0.593246
200.000000	0.576499
201.000000	0.605415
202.000000	0.612674
203.000000	0.606982
204.000000	0.598939
205.000000	0.582192
206.000000	0.594813
207.000000	0.610777
208.000000	0.588215
209.000000	0.586770
210.000000	0.583306
211.000000	0.591679
212.000000	0.594360
213.000000	0.601167
214.000000	0.637012
215.000000	0.617583
216.000000	0.623729
217.000000	0.650747
218.000000	0.640476
219.000000	0.619934
220.000000	0.649180
221.000000	0.620264
222.000000	0.636350
223.000000	0.597825
224.000000	0.630205
225.000000	0.595144
226.000000	0.586317
227.000000	0.557402
228.000000	0.555835
229.000000	0.561197
230.000000	0.597372
231.000000	0.589782
232.000000	0.606198
233.000000	0.595927
234.000000	0.614450
235.000000	0.634331
236.000000	0.622615
237.000000	0.626740
238.000000	0.620056
239.000000	0.614572
240.000000	0.568456
241.000000	0.572251
242.000000	0.569240
243.000000	0.595144
244.000000	0.603848
245.000000	0.606982
246.000000	0.617706
247.000000	0.609663
248.000000	0.634331
249.000000	0.611891
250.000000	0.592916
251.000000	0.573818
252.000000	0.532612
253.000000	0.518876
254.000000	0.526136
255.000000	0.544450
256.000000	0.573818
257.000000	0.548245
258.000000	0.524899
259.000000	0.540655
260.000000	0.568126
261.000000	0.552823
262.000000	0.559299
263.000000	0.526136
264.000000	0.524238
265.000000	0.513967
266.000000	0.511947
267.000000	0.518093
268.000000	0.530714
269.000000	0.527250
270.000000	0.535954
271.000000	0.549028
272.000000	0.573035
273.000000	0.568456
274.000000	0.539088
275.000000	0.579841
276.000000	0.527372
277.000000	0.525352
278.000000	0.544450
279.000000	0.521888
280.000000	0.525683
281.000000	0.551256
282.000000	0.542099
283.000000	0.552040
284.000000	0.561197
285.000000	0.582192
286.000000	0.579180
287.000000	0.568787
288.000000	0.579841
289.000000	0.578727
290.000000	0.568787
291.000000	0.578275
292.000000	0.565775
293.000000	0.546678
294.000000	0.520321
295.000000	0.514298
296.000000	0.522671
297.000000	0.515081
298.000000	0.526588
299.000000	0.532612
300.000000	0.561649
301.000000	0.555504
302.000000	0.557071
303.000000	0.570806
304.000000	0.579841
305.000000	0.565445
306.000000	0.564330
307.000000	0.577283
308.000000	0.579511
309.000000	0.561319
310.000000	0.556288
311.000000	0.559299
312.000000	0.563094
313.000000	0.561197
314.000000	0.556949
315.000000	0.540655
316.000000	0.533848
317.000000	0.505593
318.000000	0.548123
319.000000	0.556165
320.000000	0.539540
321.000000	0.576830
322.000000	0.557854
323.000000	0.565775
324.000000	0.573365
325.000000	0.553607
326.000000	0.563547
327.000000	0.543666
328.000000	0.569240
329.000000	0.535415
330.000000	0.541769
331.000000	0.542099
332.000000	0.552823
333.000000	0.535293
334.000000	0.560535
335.000000	0.546016
336.000000	0.521557
337.000000	0.537190
338.000000	0.543666
339.000000	0.550142
340.000000	0.515081
341.000000	0.528033
342.000000	0.544119
343.000000	0.554721
344.000000	0.527372
345.000000	0.504810
346.000000	0.507822
347.000000	0.520774
348.000000	0.522341
349.000000	0.515864
350.000000	0.545233
351.000000	0.520774
352.000000	0.537974
353.000000	0.537974
354.000000	0.542552
355.000000	0.565984
356.000000	0.550595
357.000000	0.559299
358.000000	0.570354
359.000000	0.555504
360.000000	0.539540
361.000000	0.535293
362.000000	0.525805
363.000000	0.542099
364.000000	0.570023
365.000000	0.570806
366.000000	0.560866
367.000000	0.534962
368.000000	0.556618
369.000000	0.540985
370.000000	0.560083
371.000000	0.566106
372.000000	0.561197
373.000000	0.547461
374.000000	0.545564
375.000000	0.514628
376.000000	0.505924
377.000000	0.513967
378.000000	0.546800
379.000000	0.535293
380.000000	0.567342
381.000000	0.563094
382.000000	0.576830
383.000000	0.584873
384.000000	0.583306
385.000000	0.544450
386.000000	0.543335
387.000000	0.555504
388.000000	0.559299
389.000000	0.571137
390.000000	0.588337
391.000000	0.601289
392.000000	0.558516
393.000000	0.549359
394.000000	0.532612
395.000000	0.525021
396.000000	0.536076
397.000000	0.540655
398.000000	0.544119
399.000000	0.519782
400.000000	0.523124
401.000000	0.542883
402.000000	0.521557
403.000000	0.535623
404.000000	0.552370
405.000000	0.547131
406.000000	0.533395
407.000000	0.553937
408.000000	0.557854
409.000000	0.558185
410.000000	0.554390
411.000000	0.543666
412.000000	0.523455
413.000000	0.537974
414.000000	0.531828
415.000000	0.543666
416.000000	0.568456
417.000000	0.609332
418.000000	0.592132
419.000000	0.589904
420.000000	0.602073
421.000000	0.588998
422.000000	0.586440
423.000000	0.568909
424.000000	0.578066
425.000000	0.569570
426.000000	0.559299
427.000000	0.580294
428.000000	0.588668
429.000000	0.577613
430.000000	0.573696
431.000000	0.564539
432.000000	0.567673
433.000000	0.551709
434.000000	0.544450
435.000000	0.554721
436.000000	0.551256
437.000000	0.547131
438.000000	0.539088
439.000000	0.550926
440.000000	0.543213
441.000000	0.551709
442.000000	0.555504
443.000000	0.553276
444.000000	0.557071
445.000000	0.557071
446.000000	0.528033
447.000000	0.530383
448.000000	0.512522
449.000000	0.521226
450.000000	0.521226
451.000000	0.546469
452.000000	0.531045
453.000000	0.531498
454.000000	0.527702
455.000000	0.526136
456.000000	0.515081
457.000000	0.525352
458.000000	0.525683
459.000000	0.512069
460.000000	0.503696
461.000000	0.505593
462.000000	0.512853
463.000000	0.541438
464.000000	0.573035
465.000000	0.573487
466.000000	0.583428
467.000000	0.550595
468.000000	0.569570
469.000000	0.566559
470.000000	0.555957
471.000000	0.548245
472.000000	0.554390
473.000000	0.539540
474.000000	0.584089
475.000000	0.604631
476.000000	0.592463
477.000000	0.598155
478.000000	0.619150
479.000000	0.623276
480.000000	0.618698
481.000000	0.606529
482.000000	0.613788
483.000000	0.598155
484.000000	0.619934
485.000000	0.600836
486.000000	0.584089
487.000000	0.590235
488.000000	0.567011
489.000000	0.557732
490.000000	0.586440
491.000000	0.579511
492.000000	0.577944
493.000000	0.592132
494.000000	0.629874
495.000000	0.609993
496.000000	0.605415
497.000000	0.590112
498.000000	0.606982
499.000000	0.609663
500.000000	0.594360
501.000000	0.601167
	
	
	
	
	
	
	
	
	
	
	
	
	
	
	
	
	
	
	
	
	
	
	
	
	
	
	
	
	
	
	
	
	
	
	
	
	
	
	
	
	
	
	
	
	
	
	
	
	
	
	
	
	
	
	
	
	
	
	
	
	
	
	
	
	
	
	
	
	
	
	
	
	
	
	
	
	
	
	
	
	
	
	
	
	
	
	
	
	
	
	
	
	
	
	
	
	
	
	
	
	
	
	
	
	
	
	
	
	
	
	
	
	
	
	
	
	
	
	
	
	
	
	
	
	
	
	
	
	
	
	
	
	
	
	
	
	
	
	
	
	
	
	
	
	
	
	
	
	
	
	
	
	
	
	
	
	
	
	
	
	
	
	
	
	
	
	
	
	
	
	
	
	
	
	
	
	
	
	
	
	
	
	
	
	
	
	
	
	
	
	
	
	
	
	
	
	
	
	
	
	
	
	
	
	
	
	
	
	
	
	
	
	
	
	
	
	
	
	
	
	
	
	
	
	
	
	
	
	
	
	
	
	
	
	
	
	
	
	
	
	
	
	
	
	
	
	
	
	
	
	
	
	
	
	
	
	
	
	
	
	
	
	
	
	
	
	
	
	
	
	
	
	
	
	
	
	
	
	
	
	
	
	
	
	
	
	
	
	
	
	
	
	
	
	
	
	
	
	
	
	
	
	
	
	
	
	
	
	
	
	
	
	
	
	
	
	
	
	
	
	
	
	
	
	
	
	
	
	
	
	
	
	
	
	
	
	
	
	
	
	
	
	
	
	
	
	
	
	
	
	
	
	
	
	
	
	
	
	
	
	
	
	
	
	
	
	
	
	
	
	
	
	
	
	
	
	
	
	
	
	
	
	
	
	
	
	
	
	
	
	
	
	
	
	
	
	
	
	
	
	
	
	
	
	
	
	
	
	
	
	
	
	
	
	
	
	
	
	
	
	
	
	
	
	
	
	
	
	
	
	
	
	
	
	
	
	
	
	
	
	
	
	
	
	
	
	
	
	
	
	
	
	
	
	
	
	
	
	
	
	
	
	
	
	
	
	
	
	
	
	
	
	
	
	
	
	
	
	
	
	
	
	
	
	
	
	
	
	
	
	
	
	
	
	
	
	
	
	
