1.000000	0.035324
2.000000	0.086312
3.000000	0.088172
4.000000	0.103114
5.000000	0.132788
6.000000	0.120961
7.000000	0.130469
8.000000	0.116259
9.000000	0.103784
10.000000	0.113877
11.000000	0.110304
12.000000	0.122758
13.000000	0.123364
14.000000	0.121588
15.000000	0.120397
16.000000	0.118014
17.000000	0.104369
18.000000	0.110304
19.000000	0.116823
20.000000	0.115653
21.000000	0.116217
22.000000	0.110889
23.000000	0.101423
24.000000	0.104954
25.000000	0.140541
26.000000	0.139977
27.000000	0.120982
28.000000	0.121567
29.000000	0.139371
30.000000	0.148837
31.000000	0.158345
32.000000	0.144115
33.000000	0.106772
34.000000	0.097264
35.000000	0.110325
36.000000	0.123343
37.000000	0.132830
38.000000	0.112686
39.000000	0.113877
40.000000	0.105560
41.000000	0.096658
42.000000	0.083618
43.000000	0.125098
44.000000	0.101401
45.000000	0.101401
46.000000	0.135819
47.000000	0.134606
48.000000	0.116217
49.000000	0.096073
50.000000	0.116217
51.000000	0.069994
52.000000	0.099646
53.000000	0.098455
54.000000	0.107357
55.000000	0.103199
56.000000	0.126917
57.000000	0.084225
58.000000	0.090138
59.000000	0.115653
60.000000	0.096094
61.000000	0.108527
62.000000	0.169609
63.000000	0.153017
64.000000	0.132266
65.000000	0.091957
66.000000	0.114441
67.000000	0.107336
68.000000	0.112059
69.000000	0.090138
70.000000	0.135819
71.000000	0.127502
72.000000	0.126289
73.000000	0.092499
74.000000	0.097849
75.000000	0.122152
76.000000	0.129257
77.000000	0.107921
78.000000	0.110889
79.000000	0.096658
80.000000	0.074131
81.000000	0.092520
82.000000	0.115653
83.000000	0.104390
84.000000	0.118621
85.000000	0.110325
86.000000	0.116844
87.000000	0.119791
88.000000	0.107336
89.000000	0.115674
90.000000	0.109740
91.000000	0.110325
92.000000	0.103178
93.000000	0.089553
94.000000	0.096658
95.000000	0.110889
96.000000	0.110889
97.000000	0.122737
98.000000	0.112665
99.000000	0.118621
100.000000	0.118014
101.000000	0.114441
102.000000	0.109718
103.000000	0.076471
104.000000	0.094276
105.000000	0.084203
106.000000	0.089532
107.000000	0.074089
108.000000	0.105539
109.000000	0.087171
110.000000	0.099019
111.000000	0.084788
112.000000	0.072919
113.000000	0.068175
114.000000	0.074716
115.000000	0.077663
116.000000	0.103157
117.000000	0.115632
118.000000	0.113877
119.000000	0.122173
120.000000	0.135212
121.000000	0.120982
122.000000	0.132245
123.000000	0.110282
124.000000	0.088947
125.000000	0.099625
126.000000	0.109112
127.000000	0.121546
128.000000	0.134042
129.000000	0.109718
130.000000	0.116823
131.000000	0.116238
132.000000	0.109718
133.000000	0.119185
134.000000	0.102572
135.000000	0.072334
136.000000	0.092499
137.000000	0.088968
138.000000	0.083639
139.000000	0.081821
140.000000	0.090723
141.000000	0.081842
142.000000	0.104954
143.000000	0.102008
144.000000	0.107963
145.000000	0.115047
146.000000	0.086565
147.000000	0.093084
148.000000	0.078248
149.000000	0.097828
150.000000	0.103784
151.000000	0.102008
152.000000	0.097243
153.000000	0.090702
154.000000	0.101986
155.000000	0.081842
156.000000	0.119791
157.000000	0.142923
158.000000	0.132266
159.000000	0.138786
160.000000	0.121609
161.000000	0.126917
162.000000	0.100795
163.000000	0.109697
164.000000	0.116823
165.000000	0.119812
166.000000	0.132245
167.000000	0.128087
168.000000	0.116238
169.000000	0.116217
170.000000	0.112080
171.000000	0.122758
172.000000	0.121003
173.000000	0.094882
174.000000	0.113271
175.000000	0.108506
176.000000	0.085980
177.000000	0.083012
178.000000	0.088947
179.000000	0.090117
180.000000	0.099019
181.000000	0.088341
182.000000	0.136989
183.000000	0.136968
184.000000	0.134000
185.000000	0.106124
186.000000	0.128672
187.000000	0.132224
188.000000	0.129863
189.000000	0.106145
190.000000	0.109697
191.000000	0.109718
192.000000	0.094882
193.000000	0.111474
194.000000	0.108506
195.000000	0.097264
196.000000	0.093691
197.000000	0.145285
198.000000	0.126895
199.000000	0.107336
200.000000	0.119185
201.000000	0.152411
202.000000	0.135212
203.000000	0.112080
204.000000	0.120982
205.000000	0.128087
206.000000	0.133415
207.000000	0.122758
208.000000	0.132851
209.000000	0.142317
210.000000	0.127502
211.000000	0.147667
212.000000	0.139956
213.000000	0.124555
214.000000	0.111516
215.000000	0.121588
216.000000	0.114462
217.000000	0.106772
218.000000	0.121588
219.000000	0.132245
220.000000	0.137616
221.000000	0.123364
222.000000	0.115047
223.000000	0.093106
224.000000	0.079481
225.000000	0.115047
226.000000	0.101423
227.000000	0.110889
228.000000	0.080066
229.000000	0.102593
230.000000	0.128108
231.000000	0.125725
232.000000	0.122758
233.000000	0.128087
234.000000	0.112122
235.000000	0.128714
236.000000	0.134021
237.000000	0.126331
238.000000	0.115611
239.000000	0.119206
240.000000	0.090138
241.000000	0.100816
242.000000	0.098434
243.000000	0.124534
244.000000	0.116844
245.000000	0.107336
246.000000	0.119185
247.000000	0.137574
248.000000	0.133457
249.000000	0.141147
250.000000	0.120961
251.000000	0.107921
252.000000	0.098434
253.000000	0.088947
254.000000	0.104954
255.000000	0.114441
256.000000	0.122152
257.000000	0.106145
258.000000	0.084225
259.000000	0.070558
260.000000	0.084788
261.000000	0.077684
262.000000	0.123343
263.000000	0.071749
264.000000	0.083012
265.000000	0.059880
266.000000	0.073546
267.000000	0.090138
268.000000	0.104954
269.000000	0.099625
270.000000	0.110910
271.000000	0.109697
272.000000	0.113856
273.000000	0.118599
274.000000	0.101401
275.000000	0.103199
276.000000	0.092478
277.000000	0.087171
278.000000	0.114441
279.000000	0.105560
280.000000	0.092520
281.000000	0.103784
282.000000	0.118014
283.000000	0.116823
284.000000	0.121567
285.000000	0.094882
286.000000	0.111474
287.000000	0.119206
288.000000	0.112686
289.000000	0.122758
290.000000	0.109718
291.000000	0.115068
292.000000	0.131054
293.000000	0.141732
294.000000	0.126917
295.000000	0.088947
296.000000	0.075907
297.000000	0.068782
298.000000	0.065208
299.000000	0.079460
300.000000	0.100795
301.000000	0.103178
302.000000	0.119770
303.000000	0.124513
304.000000	0.098455
305.000000	0.097243
306.000000	0.102572
307.000000	0.099019
308.000000	0.112080
309.000000	0.119163
310.000000	0.111474
311.000000	0.123343
312.000000	0.110304
313.000000	0.116823
314.000000	0.107942
315.000000	0.113250
316.000000	0.100189
317.000000	0.068175
318.000000	0.108548
319.000000	0.085416
320.000000	0.075886
321.000000	0.100816
322.000000	0.104348
323.000000	0.112080
324.000000	0.104975
325.000000	0.090723
326.000000	0.108506
327.000000	0.101401
328.000000	0.098434
329.000000	0.097807
330.000000	0.103178
331.000000	0.099040
332.000000	0.120376
333.000000	0.095467
334.000000	0.106124
335.000000	0.102572
336.000000	0.100210
337.000000	0.098434
338.000000	0.091914
339.000000	0.118599
340.000000	0.083012
341.000000	0.103178
342.000000	0.094861
343.000000	0.104369
344.000000	0.073504
345.000000	0.069367
346.000000	0.062262
347.000000	0.087171
348.000000	0.094276
349.000000	0.067590
350.000000	0.094276
351.000000	0.106145
352.000000	0.120961
353.000000	0.111474
354.000000	0.097243
355.000000	0.129320
356.000000	0.126289
357.000000	0.118599
358.000000	0.116823
359.000000	0.117408
360.000000	0.090117
361.000000	0.109697
362.000000	0.075886
363.000000	0.080066
364.000000	0.101986
365.000000	0.115026
366.000000	0.116217
367.000000	0.104348
368.000000	0.116823
369.000000	0.113856
370.000000	0.103178
371.000000	0.112686
372.000000	0.097849
373.000000	0.088362
374.000000	0.104369
375.000000	0.103784
376.000000	0.087756
377.000000	0.083597
378.000000	0.115611
379.000000	0.100210
380.000000	0.114441
381.000000	0.086586
382.000000	0.096073
383.000000	0.106145
384.000000	0.113271
385.000000	0.119185
386.000000	0.091308
387.000000	0.117408
388.000000	0.109112
389.000000	0.101401
390.000000	0.101986
391.000000	0.112665
392.000000	0.115047
393.000000	0.134021
394.000000	0.131639
395.000000	0.105539
396.000000	0.103763
397.000000	0.099019
398.000000	0.080630
399.000000	0.075865
400.000000	0.074110
401.000000	0.078875
402.000000	0.090723
403.000000	0.100816
404.000000	0.112686
405.000000	0.120961
406.000000	0.092499
407.000000	0.091329
408.000000	0.104348
409.000000	0.100210
410.000000	0.117993
411.000000	0.115632
412.000000	0.088947
413.000000	0.073525
414.000000	0.094882
415.000000	0.096658
416.000000	0.113856
417.000000	0.103763
418.000000	0.122152
419.000000	0.128066
420.000000	0.125704
421.000000	0.117429
422.000000	0.117993
423.000000	0.107315
424.000000	0.121546
425.000000	0.122758
426.000000	0.109112
427.000000	0.115632
428.000000	0.078875
429.000000	0.104369
430.000000	0.115068
431.000000	0.096094
432.000000	0.091329
433.000000	0.106730
434.000000	0.100210
435.000000	0.090138
436.000000	0.113271
437.000000	0.120961
438.000000	0.110889
439.000000	0.112665
440.000000	0.107942
441.000000	0.116217
442.000000	0.093691
443.000000	0.099604
444.000000	0.096052
445.000000	0.081821
446.000000	0.084203
447.000000	0.104348
448.000000	0.078833
449.000000	0.061656
450.000000	0.085374
451.000000	0.105518
452.000000	0.105560
453.000000	0.089532
454.000000	0.088341
455.000000	0.095467
456.000000	0.097243
457.000000	0.106145
458.000000	0.106751
459.000000	0.080630
460.000000	0.069952
461.000000	0.068175
462.000000	0.065208
463.000000	0.074110
464.000000	0.109112
465.000000	0.093084
466.000000	0.096637
467.000000	0.112059
468.000000	0.099040
469.000000	0.091914
470.000000	0.106124
471.000000	0.096658
472.000000	0.094276
473.000000	0.104348
474.000000	0.102593
475.000000	0.120397
476.000000	0.103784
477.000000	0.112686
478.000000	0.114462
479.000000	0.111516
480.000000	0.116259
481.000000	0.123364
482.000000	0.115653
483.000000	0.126917
484.000000	0.127502
485.000000	0.123949
486.000000	0.116823
487.000000	0.090723
488.000000	0.094861
489.000000	0.083033
490.000000	0.113250
491.000000	0.112080
492.000000	0.123949
493.000000	0.103178
494.000000	0.097849
495.000000	0.123949
496.000000	0.157154
497.000000	0.150049
498.000000	0.121567
499.000000	0.118599
500.000000	0.116238
501.000000	0.105581
	
	
	
	
	
	
	
	
	
	
	
	
	
	
	
	
	
	
	
	
	
	
	
	
	
	
	
	
	
	
	
	
	
	
	
	
	
	
	
	
	
	
	
	
	
	
	
	
	
	
	
	
	
	
	
	
	
	
	
	
	
	
	
	
	
	
	
	
	
	
	
	
	
	
	
	
	
	
	
	
	
	
	
	
	
	
	
	
	
	
	
	
	
	
	
	
	
	
	
	
	
	
	
	
	
	
	
	
	
	
	
	
	
	
	
	
	
	
	
	
	
	
	
	
	
	
	
	
	
	
	
	
	
	
	
	
	
	
	
	
	
	
	
	
	
	
	
	
	
	
	
	
	
	
	
	
	
	
	
	
	
	
	
	
	
	
	
	
	
	
	
	
	
	
	
	
	
	
	
	
	
	
	
	
	
	
	
	
	
	
	
	
	
	
	
	
	
	
	
	
	
	
	
	
	
	
	
	
	
	
	
	
	
	
	
	
	
	
	
	
	
	
	
	
	
	
	
	
	
	
	
	
	
	
	
	
	
	
	
	
	
	
	
	
	
	
	
	
	
	
	
	
	
	
	
	
	
	
	
	
	
	
	
	
	
	
	
	
	
	
	
	
	
	
	
	
	
	
	
	
	
	
	
	
	
	
	
	
	
	
	
	
	
	
	
	
	
	
	
	
	
	
	
	
	
	
	
	
	
	
	
	
	
	
	
	
	
	
	
	
	
	
	
	
	
	
	
	
	
	
	
	
	
	
	
	
	
	
	
	
	
	
	
	
	
	
	
	
	
	
	
	
	
	
	
	
	
	
	
	
	
	
	
	
	
	
	
	
	
	
	
	
	
	
	
	
	
	
	
	
	
	
	
	
	
	
	
	
	
	
	
	
	
	
	
	
	
	
	
	
	
	
	
	
	
	
	
	
	
	
	
	
	
	
	
	
	
	
	
	
	
	
	
	
	
	
	
	
	
	
	
	
	
	
	
	
	
	
	
	
	
	
	
	
	
	
	
	
	
	
	
	
	
	
	
	
	
	
	
	
	
	
	
	
	
	
	
	
	
	
	
	
	
	
	
	
	
	
	
	
	
	
	
	
	
	
	
	
	
	
	
	
	
	
	
	
	
	
	
