1.000000	0.835106
2.000000	0.900393
3.000000	0.897670
4.000000	0.770390
5.000000	0.619681
6.000000	0.498670
7.000000	0.446492
8.000000	0.422809
9.000000	0.400773
10.000000	0.420403
11.000000	0.416793
12.000000	0.386525
13.000000	0.382409
14.000000	0.385385
15.000000	0.365185
16.000000	0.367528
17.000000	0.330104
18.000000	0.345555
19.000000	0.347328
20.000000	0.365185
21.000000	0.360942
22.000000	0.365122
23.000000	0.369934
24.000000	0.378166
25.000000	0.342579
26.000000	0.342072
27.000000	0.342009
28.000000	0.371074
29.000000	0.355686
30.000000	0.365122
31.000000	0.350937
32.000000	0.331940
33.000000	0.361069
34.000000	0.384752
35.000000	0.359866
36.000000	0.339602
37.000000	0.320605
38.000000	0.324215
39.000000	0.339666
40.000000	0.331307
41.000000	0.346125
42.000000	0.361575
43.000000	0.374557
44.000000	0.393617
45.000000	0.388868
46.000000	0.375887
47.000000	0.365122
48.000000	0.370441
49.000000	0.359802
50.000000	0.341945
51.000000	0.362209
52.000000	0.391907
53.000000	0.366958
54.000000	0.342642
55.000000	0.371707
56.000000	0.371707
57.000000	0.433447
58.000000	0.410841
59.000000	0.379433
60.000000	0.393110
61.000000	0.362779
62.000000	0.343212
63.000000	0.355117
64.000000	0.358093
65.000000	0.388994
66.000000	0.344921
67.000000	0.361575
68.000000	0.333017
69.000000	0.334853
70.000000	0.337893
71.000000	0.324785
72.000000	0.337766
73.000000	0.356193
74.000000	0.352077
75.000000	0.362145
76.000000	0.345491
77.000000	0.357396
78.000000	0.336626
79.000000	0.327128
80.000000	0.328331
81.000000	0.356256
82.000000	0.369934
83.000000	0.401406
84.000000	0.368161
85.000000	0.378863
86.000000	0.371137
87.000000	0.359802
88.000000	0.347328
89.000000	0.355750
90.000000	0.354547
91.000000	0.364615
92.000000	0.362145
93.000000	0.372277
94.000000	0.350874
95.000000	0.331877
96.000000	0.322378
97.000000	0.319972
98.000000	0.343148
99.000000	0.363412
100.000000	0.353280
101.000000	0.340172
102.000000	0.321239
103.000000	0.292617
104.000000	0.315223
105.000000	0.328901
106.000000	0.300975
107.000000	0.280712
108.000000	0.307497
109.000000	0.293883
110.000000	0.286727
111.000000	0.277229
112.000000	0.265324
113.000000	0.255826
114.000000	0.276659
115.000000	0.284321
116.000000	0.286094
117.000000	0.312880
118.000000	0.349164
119.000000	0.328964
120.000000	0.356256
121.000000	0.356256
122.000000	0.348531
123.000000	0.331244
124.000000	0.333650
125.000000	0.306358
126.000000	0.320605
127.000000	0.352014
128.000000	0.355117
129.000000	0.335486
130.000000	0.318832
131.000000	0.356256
132.000000	0.340236
133.000000	0.330674
134.000000	0.314020
135.000000	0.312247
136.000000	0.313450
137.000000	0.328964
138.000000	0.352140
139.000000	0.345491
140.000000	0.368668
141.000000	0.345555
142.000000	0.354420
143.000000	0.365755
144.000000	0.352774
145.000000	0.326558
146.000000	0.293250
147.000000	0.314020
148.000000	0.303888
149.000000	0.328267
150.000000	0.329534
151.000000	0.318262
152.000000	0.294453
153.000000	0.306864
154.000000	0.313450
155.000000	0.331307
156.000000	0.340805
157.000000	0.368731
158.000000	0.400836
159.000000	0.383612
160.000000	0.390198
161.000000	0.371707
162.000000	0.383485
163.000000	0.349671
164.000000	0.356826
165.000000	0.383612
166.000000	0.377026
167.000000	0.368098
168.000000	0.356256
169.000000	0.346695
170.000000	0.380572
171.000000	0.377026
172.000000	0.375317
173.000000	0.344352
174.000000	0.339032
175.000000	0.334220
176.000000	0.349671
177.000000	0.313450
178.000000	0.300405
179.000000	0.287297
180.000000	0.291477
181.000000	0.295023
182.000000	0.320035
183.000000	0.329471
184.000000	0.312247
185.000000	0.293820
186.000000	0.321175
187.000000	0.334220
188.000000	0.336626
189.000000	0.360372
190.000000	0.340172
191.000000	0.330737
192.000000	0.296859
193.000000	0.322948
194.000000	0.329471
195.000000	0.337259
196.000000	0.333650
197.000000	0.342579
198.000000	0.357396
199.000000	0.375823
200.000000	0.340172
201.000000	0.363982
202.000000	0.394250
203.000000	0.399569
204.000000	0.384752
205.000000	0.358599
206.000000	0.363918
207.000000	0.396023
208.000000	0.387158
209.000000	0.372847
210.000000	0.353280
211.000000	0.368731
212.000000	0.365755
213.000000	0.388361
214.000000	0.418060
215.000000	0.390134
216.000000	0.392477
217.000000	0.418060
218.000000	0.404382
219.000000	0.367528
220.000000	0.391971
221.000000	0.358663
222.000000	0.388298
223.000000	0.371074
224.000000	0.390704
225.000000	0.369301
226.000000	0.365185
227.000000	0.331877
228.000000	0.334283
229.000000	0.337829
230.000000	0.368161
231.000000	0.346758
232.000000	0.377026
233.000000	0.372847
234.000000	0.390198
235.000000	0.397290
236.000000	0.388298
237.000000	0.380636
238.000000	0.374557
239.000000	0.373480
240.000000	0.325355
241.000000	0.345555
242.000000	0.343148
243.000000	0.383549
244.000000	0.371137
245.000000	0.371074
246.000000	0.382915
247.000000	0.363349
248.000000	0.383042
249.000000	0.366958
250.000000	0.351444
251.000000	0.343148
252.000000	0.300405
253.000000	0.300405
254.000000	0.306928
255.000000	0.330674
256.000000	0.324151
257.000000	0.327128
258.000000	0.309967
259.000000	0.319972
260.000000	0.338969
261.000000	0.322378
262.000000	0.339602
263.000000	0.302178
264.000000	0.299202
265.000000	0.280775
266.000000	0.299265
267.000000	0.287361
268.000000	0.302178
269.000000	0.301608
270.000000	0.317693
271.000000	0.325925
272.000000	0.344352
273.000000	0.344352
274.000000	0.317629
275.000000	0.357459
276.000000	0.284891
277.000000	0.293883
278.000000	0.302178
279.000000	0.293313
280.000000	0.304015
281.000000	0.329534
282.000000	0.315286
283.000000	0.323582
284.000000	0.337829
285.000000	0.353850
286.000000	0.360942
287.000000	0.354483
288.000000	0.366958
289.000000	0.353280
290.000000	0.354483
291.000000	0.340869
292.000000	0.323582
293.000000	0.291540
294.000000	0.267224
295.000000	0.262411
296.000000	0.296859
297.000000	0.294453
298.000000	0.295593
299.000000	0.309904
300.000000	0.340742
301.000000	0.343148
302.000000	0.326494
303.000000	0.335993
304.000000	0.352710
305.000000	0.337196
306.000000	0.333017
307.000000	0.353217
308.000000	0.366325
309.000000	0.335360
310.000000	0.337196
311.000000	0.325355
312.000000	0.321809
313.000000	0.333080
314.000000	0.338463
315.000000	0.310474
316.000000	0.302115
317.000000	0.279572
318.000000	0.334347
319.000000	0.339666
320.000000	0.320542
321.000000	0.345555
322.000000	0.320542
323.000000	0.342579
324.000000	0.344985
325.000000	0.330674
326.000000	0.334220
327.000000	0.312880
328.000000	0.347898
329.000000	0.299709
330.000000	0.319402
331.000000	0.320035
332.000000	0.317629
333.000000	0.302178
334.000000	0.303318
335.000000	0.299772
336.000000	0.273683
337.000000	0.295656
338.000000	0.312880
339.000000	0.330104
340.000000	0.284954
341.000000	0.305155
342.000000	0.301545
343.000000	0.334853
344.000000	0.289640
345.000000	0.276026
346.000000	0.278432
347.000000	0.293883
348.000000	0.296226
349.000000	0.283751
350.000000	0.310474
351.000000	0.293883
352.000000	0.303951
353.000000	0.303951
354.000000	0.308701
355.000000	0.326684
356.000000	0.304521
357.000000	0.320605
358.000000	0.342579
359.000000	0.343148
360.000000	0.311044
361.000000	0.306928
362.000000	0.292047
363.000000	0.320035
364.000000	0.346695
365.000000	0.345491
366.000000	0.341945
367.000000	0.311044
368.000000	0.323582
369.000000	0.311107
370.000000	0.333650
371.000000	0.338463
372.000000	0.337829
373.000000	0.333080
374.000000	0.330104
375.000000	0.296289
376.000000	0.265957
377.000000	0.280775
378.000000	0.308067
379.000000	0.311677
380.000000	0.335423
381.000000	0.355053
382.000000	0.369301
383.000000	0.365122
384.000000	0.377026
385.000000	0.311677
386.000000	0.307497
387.000000	0.328901
388.000000	0.330104
389.000000	0.350874
390.000000	0.365691
391.000000	0.390641
392.000000	0.340805
393.000000	0.317059
394.000000	0.300405
395.000000	0.288501
396.000000	0.300975
397.000000	0.296226
398.000000	0.301545
399.000000	0.277736
400.000000	0.276026
401.000000	0.309334
402.000000	0.302178
403.000000	0.317059
404.000000	0.333713
405.000000	0.318199
406.000000	0.303951
407.000000	0.326558
408.000000	0.315793
409.000000	0.340172
410.000000	0.324721
411.000000	0.312880
412.000000	0.295656
413.000000	0.318199
414.000000	0.315856
415.000000	0.336626
416.000000	0.358599
417.000000	0.395960
418.000000	0.366895
419.000000	0.349037
420.000000	0.356193
421.000000	0.371707
422.000000	0.367465
423.000000	0.337766
424.000000	0.356763
425.000000	0.348531
426.000000	0.339602
427.000000	0.365122
428.000000	0.366325
429.000000	0.353850
430.000000	0.364615
431.000000	0.350367
432.000000	0.321809
433.000000	0.303951
434.000000	0.297429
435.000000	0.311107
436.000000	0.315286
437.000000	0.308701
438.000000	0.312880
439.000000	0.328901
440.000000	0.324215
441.000000	0.327698
442.000000	0.343148
443.000000	0.330041
444.000000	0.331244
445.000000	0.321745
446.000000	0.314653
447.000000	0.311044
448.000000	0.280712
449.000000	0.292047
450.000000	0.287297
451.000000	0.316933
452.000000	0.307561
453.000000	0.300975
454.000000	0.299772
455.000000	0.292680
456.000000	0.289704
457.000000	0.298632
458.000000	0.304015
459.000000	0.277799
460.000000	0.257599
461.000000	0.270073
462.000000	0.286094
463.000000	0.318769
464.000000	0.358599
465.000000	0.356763
466.000000	0.355560
467.000000	0.318769
468.000000	0.348531
469.000000	0.341375
470.000000	0.312817
471.000000	0.312880
472.000000	0.324721
473.000000	0.320542
474.000000	0.347328
475.000000	0.379433
476.000000	0.372277
477.000000	0.385955
478.000000	0.392477
479.000000	0.389564
480.000000	0.389564
481.000000	0.387158
482.000000	0.388931
483.000000	0.376456
484.000000	0.396023
485.000000	0.387728
486.000000	0.366325
487.000000	0.382915
488.000000	0.334790
489.000000	0.342009
490.000000	0.362715
491.000000	0.361575
492.000000	0.349734
493.000000	0.366895
494.000000	0.394820
495.000000	0.378229
496.000000	0.363982
497.000000	0.356890
498.000000	0.366325
499.000000	0.349101
500.000000	0.356256
501.000000	0.383612
	
	
	
	
	
	
	
	
	
	
	
	
	
	
	
	
	
	
	
	
	
	
	
	
	
	
	
	
	
	
	
	
	
	
	
	
	
	
	
	
	
	
	
	
	
	
	
	
	
	
	
	
	
	
	
	
	
	
	
	
	
	
	
	
	
	
	
	
	
	
	
	
	
	
	
	
	
	
	
	
	
	
	
	
	
	
	
	
	
	
	
	
	
	
	
	
	
	
	
	
	
	
	
	
	
	
	
	
	
	
	
	
	
	
	
	
	
	
	
	
	
	
	
	
	
	
	
	
	
	
	
	
	
	
	
	
	
	
	
	
	
	
	
	
	
	
	
	
	
	
	
	
	
	
	
	
	
	
	
	
	
	
	
	
	
	
	
	
	
	
	
	
	
	
	
	
	
	
	
	
	
	
	
	
	
	
	
	
	
	
	
	
	
	
	
	
	
	
	
	
	
	
	
	
	
	
	
	
	
	
	
	
	
	
	
	
	
	
	
	
	
	
	
	
	
	
	
	
	
	
	
	
	
	
	
	
	
	
	
	
	
	
	
	
	
	
	
	
	
	
	
	
	
	
	
	
	
	
	
	
	
	
	
	
	
	
	
	
	
	
	
	
	
	
	
	
	
	
	
	
	
	
	
	
	
	
	
	
	
	
	
	
	
	
	
	
	
	
	
	
	
	
	
	
	
	
	
	
	
	
	
	
	
	
	
	
	
	
	
	
	
	
	
	
	
	
	
	
	
	
	
	
	
	
	
	
	
	
	
	
	
	
	
	
	
	
	
	
	
	
	
	
	
	
	
	
	
	
	
	
	
	
	
	
	
	
	
	
	
	
	
	
	
	
	
	
	
	
	
	
	
	
	
	
	
	
	
	
	
	
	
	
	
	
	
	
	
	
	
	
	
	
	
	
	
	
	
	
	
	
	
	
	
	
	
	
	
	
	
	
	
	
	
	
	
	
	
	
	
	
	
	
	
	
	
	
	
	
	
	
	
	
	
	
	
	
	
	
	
	
	
	
	
	
	
	
	
	
	
	
	
	
	
	
	
	
	
	
	
	
	
	
	
	
	
	
	
	
	
	
	
	
	
	
	
	
	
	
	
	
	
	
	
	
	
	
	
	
	
