1.000000	0.165995
2.000000	0.250382
3.000000	0.316550
4.000000	0.463526
5.000000	0.619718
6.000000	0.727101
7.000000	0.776454
8.000000	0.790230
9.000000	0.836436
10.000000	0.807801
11.000000	0.807475
12.000000	0.818647
13.000000	0.838931
14.000000	0.827868
15.000000	0.854441
16.000000	0.876460
17.000000	0.882967
18.000000	0.883076
19.000000	0.867457
20.000000	0.858889
21.000000	0.869408
22.000000	0.876242
23.000000	0.872230
24.000000	0.849451
25.000000	0.840774
26.000000	0.830254
27.000000	0.860949
28.000000	0.818538
29.000000	0.836653
30.000000	0.827324
31.000000	0.854441
32.000000	0.858889
33.000000	0.861384
34.000000	0.852055
35.000000	0.870169
36.000000	0.874073
37.000000	0.896308
38.000000	0.892187
39.000000	0.878955
40.000000	0.905311
41.000000	0.894031
42.000000	0.876351
43.000000	0.844678
44.000000	0.831771
45.000000	0.840665
46.000000	0.841209
47.000000	0.858454
48.000000	0.856067
49.000000	0.865287
50.000000	0.878303
51.000000	0.874399
52.000000	0.847825
53.000000	0.861058
54.000000	0.850103
55.000000	0.834375
56.000000	0.838822
57.000000	0.803245
58.000000	0.798472
59.000000	0.827759
60.000000	0.839040
61.000000	0.840883
62.000000	0.852164
63.000000	0.825698
64.000000	0.841318
65.000000	0.837088
66.000000	0.853898
67.000000	0.858562
68.000000	0.884810
69.000000	0.887414
70.000000	0.876786
71.000000	0.885354
72.000000	0.867022
73.000000	0.873855
74.000000	0.863010
75.000000	0.860623
76.000000	0.860405
77.000000	0.856176
78.000000	0.885136
79.000000	0.876242
80.000000	0.907481
81.000000	0.887632
82.000000	0.867783
83.000000	0.834484
84.000000	0.843378
85.000000	0.843487
86.000000	0.858997
87.000000	0.865287
88.000000	0.880798
89.000000	0.863770
90.000000	0.863662
91.000000	0.856828
92.000000	0.865070
93.000000	0.867565
94.000000	0.889583
95.000000	0.885136
96.000000	0.894031
97.000000	0.889366
98.000000	0.882858
99.000000	0.865614
100.000000	0.867565
101.000000	0.893922
102.000000	0.912145
103.000000	0.929064
104.000000	0.911602
105.000000	0.900647
106.000000	0.924943
107.000000	0.933293
108.000000	0.909324
109.000000	0.934054
110.000000	0.942731
111.000000	0.951625
112.000000	0.964749
113.000000	0.964749
114.000000	0.940671
115.000000	0.929172
116.000000	0.918000
117.000000	0.911819
118.000000	0.878955
119.000000	0.878846
120.000000	0.856502
121.000000	0.869843
122.000000	0.858671
123.000000	0.873747
124.000000	0.882858
125.000000	0.896308
126.000000	0.882967
127.000000	0.858128
128.000000	0.865722
129.000000	0.885462
130.000000	0.894139
131.000000	0.869843
132.000000	0.867674
133.000000	0.885028
134.000000	0.898151
135.000000	0.913771
136.000000	0.918327
137.000000	0.905529
138.000000	0.881233
139.000000	0.882641
140.000000	0.858345
141.000000	0.887523
142.000000	0.867239
143.000000	0.874290
144.000000	0.879281
145.000000	0.896417
146.000000	0.922665
147.000000	0.907046
148.000000	0.922339
149.000000	0.898151
150.000000	0.889801
151.000000	0.905420
152.000000	0.909432
153.000000	0.893487
154.000000	0.904985
155.000000	0.891970
156.000000	0.878629
157.000000	0.849886
158.000000	0.823529
159.000000	0.830145
160.000000	0.832749
161.000000	0.861058
162.000000	0.851511
163.000000	0.880580
164.000000	0.867457
165.000000	0.834593
166.000000	0.845330
167.000000	0.856284
168.000000	0.865396
169.000000	0.860514
170.000000	0.831880
171.000000	0.845330
172.000000	0.848043
173.000000	0.869626
174.000000	0.867565
175.000000	0.889366
176.000000	0.876133
177.000000	0.904985
178.000000	0.927329
179.000000	0.918109
180.000000	0.911602
181.000000	0.911493
182.000000	0.898695
183.000000	0.880472
184.000000	0.904876
185.000000	0.920278
186.000000	0.893922
187.000000	0.889366
188.000000	0.876242
189.000000	0.876242
190.000000	0.876133
191.000000	0.885462
192.000000	0.918544
193.000000	0.904985
194.000000	0.880472
195.000000	0.892079
196.000000	0.891753
197.000000	0.867457
198.000000	0.878411
199.000000	0.858562
200.000000	0.876133
201.000000	0.845439
202.000000	0.834266
203.000000	0.840774
204.000000	0.847608
205.000000	0.860732
206.000000	0.853898
207.000000	0.836436
208.000000	0.852272
209.000000	0.860732
210.000000	0.867565
211.000000	0.849886
212.000000	0.856502
213.000000	0.847934
214.000000	0.808019
215.000000	0.827868
216.000000	0.827650
217.000000	0.799124
218.000000	0.810079
219.000000	0.831988
220.000000	0.799342
221.000000	0.830037
222.000000	0.816369
223.000000	0.854115
224.000000	0.821034
225.000000	0.856393
226.000000	0.863336
227.000000	0.894031
228.000000	0.894248
229.000000	0.889692
230.000000	0.852272
231.000000	0.860949
232.000000	0.840883
233.000000	0.856284
234.000000	0.832749
235.000000	0.810297
236.000000	0.829711
237.000000	0.823420
238.000000	0.835783
239.000000	0.836544
240.000000	0.882967
241.000000	0.878629
242.000000	0.882858
243.000000	0.856393
244.000000	0.845656
245.000000	0.845221
246.000000	0.836109
247.000000	0.842943
248.000000	0.814744
249.000000	0.838822
250.000000	0.860514
251.000000	0.878411
252.000000	0.918435
253.000000	0.931777
254.000000	0.920604
255.000000	0.902816
256.000000	0.878411
257.000000	0.902925
258.000000	0.923317
259.000000	0.911602
260.000000	0.884919
261.000000	0.894031
262.000000	0.887414
263.000000	0.920604
264.000000	0.927221
265.000000	0.938175
266.000000	0.932103
267.000000	0.931885
268.000000	0.920604
269.000000	0.922991
270.000000	0.912254
271.000000	0.898369
272.000000	0.878520
273.000000	0.882967
274.000000	0.911819
275.000000	0.869952
276.000000	0.926786
277.000000	0.925160
278.000000	0.907263
279.000000	0.927547
280.000000	0.923208
281.000000	0.898695
282.000000	0.907589
283.000000	0.898586
284.000000	0.889692
285.000000	0.869626
286.000000	0.873855
287.000000	0.881015
288.000000	0.869952
289.000000	0.872012
290.000000	0.881015
291.000000	0.870169
292.000000	0.885245
293.000000	0.898695
294.000000	0.927764
295.000000	0.936224
296.000000	0.927438
297.000000	0.931668
298.000000	0.926895
299.000000	0.918435
300.000000	0.891535
301.000000	0.896200
302.000000	0.895982
303.000000	0.882641
304.000000	0.869952
305.000000	0.882750
306.000000	0.889257
307.000000	0.871578
308.000000	0.871904
309.000000	0.893487
310.000000	0.896091
311.000000	0.891861
312.000000	0.887523
313.000000	0.889692
314.000000	0.892187
315.000000	0.907154
316.000000	0.920170
317.000000	0.942514
318.000000	0.894683
319.000000	0.892296
320.000000	0.909215
321.000000	0.874182
322.000000	0.895874
323.000000	0.885245
324.000000	0.876568
325.000000	0.898369
326.000000	0.889366
327.000000	0.907372
328.000000	0.882858
329.000000	0.915505
330.000000	0.905094
331.000000	0.907589
332.000000	0.898478
333.000000	0.916157
334.000000	0.893596
335.000000	0.907046
336.000000	0.929499
337.000000	0.909541
338.000000	0.907372
339.000000	0.900756
340.000000	0.936115
341.000000	0.922882
342.000000	0.909215
343.000000	0.896308
344.000000	0.926786
345.000000	0.947070
346.000000	0.942840
347.000000	0.929607
348.000000	0.929390
349.000000	0.936006
350.000000	0.907154
351.000000	0.929607
352.000000	0.913879
353.000000	0.909432
354.000000	0.909432
355.000000	0.879498
356.000000	0.902599
357.000000	0.891861
358.000000	0.880798
359.000000	0.891753
360.000000	0.913662
361.000000	0.916157
362.000000	0.927003
363.000000	0.903142
364.000000	0.878303
365.000000	0.882641
366.000000	0.891644
367.000000	0.918109
368.000000	0.894139
369.000000	0.909650
370.000000	0.891753
371.000000	0.883293
372.000000	0.889692
373.000000	0.903033
374.000000	0.900756
375.000000	0.929825
376.000000	0.945009
377.000000	0.938175
378.000000	0.906937
379.000000	0.916157
380.000000	0.885028
381.000000	0.887523
382.000000	0.874182
383.000000	0.867348
384.000000	0.867565
385.000000	0.907263
386.000000	0.909324
387.000000	0.891753
388.000000	0.887414
389.000000	0.876242
390.000000	0.864961
391.000000	0.847282
392.000000	0.891970
393.000000	0.900864
394.000000	0.918435
395.000000	0.927112
396.000000	0.916049
397.000000	0.911602
398.000000	0.909215
399.000000	0.935463
400.000000	0.929281
401.000000	0.907481
402.000000	0.925052
403.000000	0.909758
404.000000	0.892187
405.000000	0.900538
406.000000	0.918327
407.000000	0.891970
408.000000	0.895874
409.000000	0.893922
410.000000	0.898260
411.000000	0.907372
412.000000	0.927329
413.000000	0.913879
414.000000	0.918544
415.000000	0.898478
416.000000	0.878520
417.000000	0.844895
418.000000	0.860623
419.000000	0.864744
420.000000	0.851620
421.000000	0.861058
422.000000	0.867130
423.000000	0.884810
424.000000	0.875916
425.000000	0.880907
426.000000	0.891861
427.000000	0.867348
428.000000	0.858562
429.000000	0.874073
430.000000	0.874616
431.000000	0.883511
432.000000	0.883076
433.000000	0.900538
434.000000	0.907263
435.000000	0.896308
436.000000	0.898695
437.000000	0.904985
438.000000	0.911819
439.000000	0.900647
440.000000	0.901082
441.000000	0.900538
442.000000	0.896200
443.000000	0.900321
444.000000	0.895982
445.000000	0.895982
446.000000	0.922882
447.000000	0.922556
448.000000	0.942188
449.000000	0.931450
450.000000	0.931450
451.000000	0.908889
452.000000	0.918653
453.000000	0.920496
454.000000	0.924834
455.000000	0.925052
456.000000	0.936115
457.000000	0.925160
458.000000	0.923208
459.000000	0.940345
460.000000	0.944683
461.000000	0.942514
462.000000	0.940236
463.000000	0.911493
464.000000	0.878520
465.000000	0.880363
466.000000	0.871360
467.000000	0.902599
468.000000	0.880907
469.000000	0.885136
470.000000	0.898043
471.000000	0.902925
472.000000	0.898260
473.000000	0.900321
474.000000	0.867457
475.000000	0.841100
476.000000	0.854224
477.000000	0.843269
478.000000	0.827650
479.000000	0.825807
480.000000	0.830254
481.000000	0.838931
482.000000	0.832206
483.000000	0.847716
484.000000	0.827541
485.000000	0.845439
486.000000	0.863010
487.000000	0.858345
488.000000	0.886979
489.000000	0.892079
490.000000	0.862683
491.000000	0.871904
492.000000	0.872121
493.000000	0.860623
494.000000	0.818538
495.000000	0.836544
496.000000	0.840991
497.000000	0.854550
498.000000	0.840774
499.000000	0.842943
500.000000	0.856502
501.000000	0.847934
	
	
	
	
	
	
	
	
	
	
	
	
	
	
	
	
	
	
	
	
	
	
	
	
	
	
	
	
	
	
	
	
	
	
	
	
	
	
	
	
	
	
	
	
	
	
	
	
	
	
	
	
	
	
	
	
	
	
	
	
	
	
	
	
	
	
	
	
	
	
	
	
	
	
	
	
	
	
	
	
	
	
	
	
	
	
	
	
	
	
	
	
	
	
	
	
	
	
	
	
	
	
	
	
	
	
	
	
	
	
	
	
	
	
	
	
	
	
	
	
	
	
	
	
	
	
	
	
	
	
	
	
	
	
	
	
	
	
	
	
	
	
	
	
	
	
	
	
	
	
	
	
	
	
	
	
	
	
	
	
	
	
	
	
	
	
	
	
	
	
	
	
	
	
	
	
	
	
	
	
	
	
	
	
	
	
	
	
	
	
	
	
	
	
	
	
	
	
	
	
	
	
	
	
	
	
	
	
	
	
	
	
	
	
	
	
	
	
	
	
	
	
	
	
	
	
	
	
	
	
	
	
	
	
	
	
	
	
	
	
	
	
	
	
	
	
	
	
	
	
	
	
	
	
	
	
	
	
	
	
	
	
	
	
	
	
	
	
	
	
	
	
	
	
	
	
	
	
	
	
	
	
	
	
	
	
	
	
	
	
	
	
	
	
	
	
	
	
	
	
	
	
	
	
	
	
	
	
	
	
	
	
	
	
	
	
	
	
	
	
	
	
	
	
	
	
	
	
	
	
	
	
	
	
	
	
	
	
	
	
	
	
	
	
	
	
	
	
	
	
	
	
	
	
	
	
	
	
	
	
	
	
	
	
	
	
	
	
	
	
	
	
	
	
	
	
	
	
	
	
	
	
	
	
	
	
	
	
	
	
	
	
	
	
	
	
	
	
	
	
	
	
	
	
	
	
	
	
	
	
	
	
	
	
	
	
	
	
	
	
	
	
	
	
	
	
	
	
	
	
	
	
	
	
	
	
	
	
	
	
	
	
	
	
	
	
	
	
	
	
	
	
	
	
	
	
	
	
	
	
	
	
	
	
	
	
	
	
	
	
	
	
	
	
	
	
	
	
	
	
	
	
	
	
	
	
	
	
	
	
	
	
	
	
	
	
	
	
	
