1.000000	-0.056409
2.000000	-0.073446
3.000000	-0.051024
4.000000	0.004590
5.000000	0.043432
6.000000	0.052966
7.000000	0.088012
8.000000	0.083333
9.000000	0.062941
10.000000	0.049258
11.000000	0.044492
12.000000	0.076183
13.000000	0.082362
14.000000	0.087571
15.000000	0.103637
16.000000	0.062941
17.000000	0.113524
18.000000	0.097458
19.000000	0.079008
20.000000	0.070533
21.000000	0.052966
22.000000	0.088453
23.000000	0.070533
24.000000	0.071416
25.000000	0.105491
26.000000	0.103196
27.000000	0.068150
28.000000	0.118732
29.000000	0.116879
30.000000	0.088453
31.000000	0.110258
32.000000	0.130120
33.000000	0.089954
34.000000	0.074770
35.000000	0.092779
36.000000	0.080420
37.000000	0.113524
38.000000	0.098429
39.000000	0.108845
40.000000	0.090837
41.000000	0.095074
42.000000	0.072387
43.000000	0.093132
44.000000	0.055350
45.000000	0.061970
46.000000	0.107433
47.000000	0.095074
48.000000	0.066208
49.000000	0.070975
50.000000	0.046345
51.000000	0.012359
52.000000	0.049258
53.000000	0.052083
54.000000	0.074329
55.000000	0.052083
56.000000	0.071946
57.000000	0.038842
58.000000	0.040696
59.000000	0.050671
60.000000	0.072917
61.000000	0.043079
62.000000	0.091808
63.000000	0.086158
64.000000	0.097987
65.000000	0.092338
66.000000	0.104520
67.000000	0.079008
68.000000	0.103549
69.000000	0.053937
70.000000	0.094191
71.000000	0.109287
72.000000	0.103549
73.000000	0.086070
74.000000	0.085629
75.000000	0.076624
76.000000	0.082274
77.000000	0.070004
78.000000	0.061970
79.000000	0.061970
80.000000	0.065766
81.000000	0.088012
82.000000	0.090395
83.000000	0.055879
84.000000	0.049258
85.000000	0.033192
86.000000	0.067708
87.000000	0.064354
88.000000	0.092249
89.000000	0.098958
90.000000	0.115025
91.000000	0.066296
92.000000	0.036900
93.000000	0.056321
94.000000	0.088453
95.000000	0.101695
96.000000	0.095074
97.000000	0.094103
98.000000	0.056762
99.000000	0.069121
100.000000	0.076183
101.000000	0.097899
102.000000	0.086600
103.000000	0.069474
104.000000	0.074241
105.000000	0.083245
106.000000	0.067620
107.000000	0.081744
108.000000	0.115378
109.000000	0.095074
110.000000	0.094103
111.000000	0.067620
112.000000	0.073270
113.000000	0.066649
114.000000	0.076624
115.000000	0.086511
116.000000	0.114407
117.000000	0.108316
118.000000	0.088983
119.000000	0.071946
120.000000	0.074770
121.000000	0.094633
122.000000	0.089424
123.000000	0.069032
124.000000	0.070004
125.000000	0.093662
126.000000	0.080420
127.000000	0.057203
128.000000	0.099400
129.000000	0.099841
130.000000	0.098870
131.000000	0.061529
132.000000	0.093220
133.000000	0.104520
134.000000	0.077066
135.000000	0.062412
136.000000	0.066208
137.000000	0.052083
138.000000	0.074329
139.000000	0.069032
140.000000	0.084657
141.000000	0.057733
142.000000	0.084657
143.000000	0.068150
144.000000	0.087129
145.000000	0.097458
146.000000	0.095516
147.000000	0.090307
148.000000	0.077507
149.000000	0.090307
150.000000	0.082804
151.000000	0.074770
152.000000	0.066208
153.000000	0.056232
154.000000	0.086070
155.000000	0.090837
156.000000	0.084216
157.000000	0.093220
158.000000	0.091367
159.000000	0.106020
160.000000	0.115996
161.000000	0.098429
162.000000	0.075653
163.000000	0.078037
164.000000	0.085629
165.000000	0.079537
166.000000	0.082804
167.000000	0.093662
168.000000	0.068150
169.000000	0.086070
170.000000	0.092249
171.000000	0.102666
172.000000	0.076713
173.000000	0.047316
174.000000	0.089424
175.000000	0.067620
176.000000	0.051554
177.000000	0.086070
178.000000	0.063383
179.000000	0.071857
180.000000	0.047758
181.000000	0.077066
182.000000	0.076183
183.000000	0.107345
184.000000	0.088895
185.000000	0.079891
186.000000	0.091278
187.000000	0.107345
188.000000	0.088453
189.000000	0.055350
190.000000	0.058174
191.000000	0.066737
192.000000	0.073799
193.000000	0.066208
194.000000	0.074241
195.000000	0.094633
196.000000	0.070004
197.000000	0.085629
198.000000	0.083245
199.000000	0.072387
200.000000	0.084657
201.000000	0.099841
202.000000	0.081391
203.000000	0.065766
204.000000	0.068150
205.000000	0.087041
206.000000	0.071416
207.000000	0.056321
208.000000	0.062500
209.000000	0.093662
210.000000	0.122528
211.000000	0.132945
212.000000	0.107874
213.000000	0.053054
214.000000	0.043609
215.000000	0.080950
216.000000	0.079979
217.000000	0.050230
218.000000	0.080950
219.000000	0.096045
220.000000	0.084304
221.000000	0.095604
222.000000	0.064354
223.000000	0.072387
224.000000	0.052083
225.000000	0.051112
226.000000	0.097016
227.000000	0.088453
228.000000	0.062941
229.000000	0.045904
230.000000	0.062500
231.000000	0.088012
232.000000	0.089424
233.000000	0.100282
234.000000	0.089513
235.000000	0.068679
236.000000	0.057733
237.000000	0.067708
238.000000	0.060028
239.000000	0.086600
240.000000	0.073799
241.000000	0.077595
242.000000	0.056762
243.000000	0.064354
244.000000	0.047846
245.000000	0.098870
246.000000	0.051554
247.000000	0.087041
248.000000	0.088542
249.000000	0.058704
250.000000	0.092691
251.000000	0.083245
252.000000	0.083245
253.000000	0.063383
254.000000	0.084657
255.000000	0.071416
256.000000	0.096487
257.000000	0.095074
258.000000	0.085187
259.000000	0.067620
260.000000	0.094103
261.000000	0.088453
262.000000	0.080420
263.000000	0.071416
264.000000	0.119174
265.000000	0.096928
266.000000	0.088012
267.000000	0.113524
268.000000	0.091278
269.000000	0.093662
270.000000	0.083775
271.000000	0.084657
272.000000	0.067179
273.000000	0.067179
274.000000	0.068591
275.000000	0.078566
276.000000	0.090749
277.000000	0.081833
278.000000	0.084657
279.000000	0.110699
280.000000	0.101254
281.000000	0.069562
282.000000	0.102666
283.000000	0.059145
284.000000	0.079008
285.000000	0.073799
286.000000	0.079449
287.000000	0.060117
288.000000	0.058704
289.000000	0.109287
290.000000	0.106462
291.000000	0.092779
292.000000	0.105491
293.000000	0.122528
294.000000	0.124912
295.000000	0.116349
296.000000	0.053937
297.000000	0.059587
298.000000	0.061441
299.000000	0.089866
300.000000	0.088895
301.000000	0.083245
302.000000	0.075653
303.000000	0.088895
304.000000	0.065325
305.000000	0.066208
306.000000	0.070445
307.000000	0.067620
308.000000	0.085629
309.000000	0.095957
310.000000	0.099311
311.000000	0.106903
312.000000	0.070975
313.000000	0.098870
314.000000	0.118291
315.000000	0.107345
316.000000	0.082715
317.000000	0.066649
318.000000	0.084746
319.000000	0.102225
320.000000	0.078478
321.000000	0.090837
322.000000	0.091720
323.000000	0.072387
324.000000	0.086600
325.000000	0.091278
326.000000	0.080862
327.000000	0.088453
328.000000	0.043520
329.000000	0.108227
330.000000	0.103107
331.000000	0.089424
332.000000	0.108316
333.000000	0.091278
334.000000	0.073270
335.000000	0.077066
336.000000	0.117761
337.000000	0.096487
338.000000	0.101695
339.000000	0.093662
340.000000	0.079449
341.000000	0.089866
342.000000	0.078478
343.000000	0.073799
344.000000	0.077507
345.000000	0.083686
346.000000	0.097899
347.000000	0.075212
348.000000	0.074241
349.000000	0.082274
350.000000	0.067620
351.000000	0.075212
352.000000	0.072828
353.000000	0.105932
354.000000	0.066208
355.000000	0.107963
356.000000	0.110169
357.000000	0.106903
358.000000	0.085629
359.000000	0.076624
360.000000	0.091720
361.000000	0.078037
362.000000	0.071857
363.000000	0.062941
364.000000	0.079449
365.000000	0.088895
366.000000	0.086070
367.000000	0.104961
368.000000	0.112112
369.000000	0.087041
370.000000	0.089866
371.000000	0.058704
372.000000	0.045904
373.000000	0.026042
374.000000	0.080420
375.000000	0.082804
376.000000	0.072828
377.000000	0.083686
378.000000	0.079891
379.000000	0.071416
380.000000	0.084657
381.000000	0.104078
382.000000	0.084216
383.000000	0.055350
384.000000	0.043079
385.000000	0.084657
386.000000	0.108757
387.000000	0.083245
388.000000	0.080420
389.000000	0.081833
390.000000	0.072828
391.000000	0.043520
392.000000	0.077595
393.000000	0.097458
394.000000	0.116349
395.000000	0.075653
396.000000	0.080862
397.000000	0.054379
398.000000	0.065237
399.000000	0.056674
400.000000	0.077066
401.000000	0.065766
402.000000	0.058174
403.000000	0.077595
404.000000	0.078566
405.000000	0.086070
406.000000	0.052966
407.000000	0.024629
408.000000	0.051995
409.000000	0.078037
410.000000	0.087482
411.000000	0.088453
412.000000	0.096487
413.000000	0.099311
414.000000	0.093662
415.000000	0.081833
416.000000	0.073799
417.000000	0.041137
418.000000	0.050141
419.000000	0.058616
420.000000	0.079449
421.000000	0.085187
422.000000	0.047758
423.000000	0.043962
424.000000	0.037341
425.000000	0.089424
426.000000	0.093662
427.000000	0.101695
428.000000	0.098870
429.000000	0.073799
430.000000	0.053054
431.000000	0.053054
432.000000	0.084216
433.000000	0.086070
434.000000	0.078037
435.000000	0.093662
436.000000	0.082804
437.000000	0.072828
438.000000	0.088453
439.000000	0.056762
440.000000	0.078566
441.000000	0.052966
442.000000	0.063383
443.000000	0.058616
444.000000	0.075653
445.000000	0.055791
446.000000	0.070004
447.000000	0.078478
448.000000	0.094986
449.000000	0.071857
450.000000	0.078478
451.000000	0.073711
452.000000	0.077595
453.000000	0.087482
454.000000	0.090307
455.000000	0.084657
456.000000	0.092691
457.000000	0.088453
458.000000	0.074770
459.000000	0.065237
460.000000	0.081303
461.000000	0.060028
462.000000	0.054820
463.000000	0.077066
464.000000	0.080420
465.000000	0.050583
466.000000	0.060028
467.000000	0.063824
468.000000	0.076183
469.000000	0.068591
470.000000	0.073270
471.000000	0.081833
472.000000	0.080862
473.000000	0.085099
474.000000	0.079008
475.000000	0.070533
476.000000	0.056321
477.000000	0.058704
478.000000	0.053496
479.000000	0.050230
480.000000	0.070092
481.000000	0.069121
482.000000	0.083775
483.000000	0.071946
484.000000	0.056321
485.000000	0.053496
486.000000	0.065766
487.000000	0.078037
488.000000	0.098340
489.000000	0.107874
490.000000	0.054379
491.000000	0.079008
492.000000	0.093220
493.000000	0.089866
494.000000	0.085629
495.000000	0.099841
496.000000	0.086600
497.000000	0.107433
498.000000	0.112112
499.000000	0.113524
500.000000	0.094633
501.000000	0.086158
	
	
	
	
	
	
	
	
	
	
	
	
	
	
	
	
	
	
	
	
	
	
	
	
	
	
	
	
	
	
	
	
	
	
	
	
	
	
	
	
	
	
	
	
	
	
	
	
	
	
	
	
	
	
	
	
	
	
	
	
	
	
	
	
	
	
	
	
	
	
	
	
	
	
	
	
	
	
	
	
	
	
	
	
	
	
	
	
	
	
	
	
	
	
	
	
	
	
	
	
	
	
	
	
	
	
	
	
	
	
	
	
	
	
	
	
	
	
	
	
	
	
	
	
	
	
	
	
	
	
	
	
	
	
	
	
	
	
	
	
	
	
	
	
	
	
	
	
	
	
	
	
	
	
	
	
	
	
	
	
	
	
	
	
	
	
	
	
	
	
	
	
	
	
	
	
	
	
	
	
	
	
	
	
	
	
	
	
	
	
	
	
	
	
	
	
	
	
	
	
	
	
	
	
	
	
	
	
	
	
	
	
	
	
	
	
	
	
	
	
	
	
	
	
	
	
	
	
	
	
	
	
	
	
	
	
	
	
	
	
	
	
	
	
	
	
	
	
	
	
	
	
	
	
	
	
	
	
	
	
	
	
	
	
	
	
	
	
	
	
	
	
	
	
	
	
	
	
	
	
	
	
	
	
	
	
	
	
	
	
	
	
	
	
	
	
	
	
	
	
	
	
	
	
	
	
	
	
	
	
	
	
	
	
	
	
	
	
	
	
	
	
	
	
	
	
	
	
	
	
	
	
	
	
	
	
	
	
	
	
	
	
	
	
	
	
	
	
	
	
	
	
	
	
	
	
	
	
	
	
	
	
	
	
	
	
	
	
	
	
	
	
	
	
	
	
	
	
	
	
	
	
	
	
	
	
	
	
	
	
	
	
	
	
	
	
	
	
	
	
	
	
	
	
	
	
	
	
	
	
	
	
	
	
	
	
	
	
	
	
	
	
	
	
	
	
	
	
	
	
	
	
	
	
	
	
	
	
	
	
	
	
	
	
	
	
	
	
	
	
	
	
	
	
	
	
	
	
	
	
	
	
	
	
	
	
	
	
	
	
	
	
	
	
	
	
	
	
	
	
	
	
	
	
	
	
	
	
	
	
	
	
	
	
	
	
	
	
	
