0.026786
-0.108473
-0.563260
-0.811044
-0.915907
-0.940793
-0.959726
-0.978090
-0.991135
-0.989362
-0.998227
-0.991135
-0.994681
-0.994681
-0.991135
-0.987589
-0.982270
-0.985816
-0.989362
-0.980496
-0.984043
-0.987589
-0.985816
-0.987589
-0.989362
-0.991135
-0.984043
-0.992908
-0.992908
-0.978723
-0.989362
-0.987589
-0.992908
-0.996454
-0.992908
-0.987589
-0.985182
-0.989362
-0.980496
-0.980496
-0.991135
-0.994681
-0.994681
-0.987589
-0.985816
-0.989362
-0.984043
-0.987589
-0.996454
-0.989362
-0.991135
